1000 9885
986 462
31 971
347 280
367 853
685 720
342 29
24 883
712 449
159 846
950 591
518 387
29 334
892 218
731 348
859 387
493 897
958 469
562 994
946 517
708 496
919 474
23 257
28 185
322 410
952 893
387 202
260 836
463 895
528 572
91 824
342 584
145 12
630 159
867 251
616 569
701 679
657 105
941 577
424 917
849 897
187 742
761 205
620 112
679 681
813 759
158 564
433 235
16 29
274 989
900 569
461 733
563 865
387 169
857 636
804 93
382 33
737 22
573 392
261 838
888 422
615 13
338 59
193 836
548 90
879 616
571 171
808 362
24 726
382 259
557 37
850 49
582 504
750 622
452 800
347 41
664 789
827 483
367 26
759 996
723 306
335 568
727 266
31 275
609 687
43 321
281 628
910 905
656 536
90 236
876 899
91 93
552 985
493 289
635 536
47 766
907 361
879 157
539 862
213 339
485 478
825 81
366 435
871 113
332 463
800 785
30 650
547 572
327 444
113 112
995 366
208 844
997 452
981 975
484 745
414 756
273 768
337 615
132 77
722 861
725 458
999 735
618 794
912 729
623 495
260 169
647 815
869 619
799 836
729 56
89 409
148 970
644 55
369 953
801 628
36 775
359 573
681 206
459 648
61 180
706 651
411 301
182 616
24 886
631 711
580 875
943 187
486 818
35 342
290 976
79 452
111 790
101 729
49 374
185 662
457 153
4 70
206 316
652 174
767 229
126 247
953 665
809 477
443 203
318 805
301 169
379 713
185 624
223 1000
858 649
286 150
56 643
92 193
20 806
980 624
12 386
162 499
954 23
148 66
149 247
371 955
686 454
967 767
452 344
440 256
977 47
544 886
851 626
389 562
72 331
200 384
509 650
973 59
495 331
660 332
229 795
485 353
458 767
43 75
318 67
816 173
13 687
534 839
574 784
276 947
562 840
544 707
7 701
670 263
910 310
305 594
778 748
561 756
474 31
469 63
990 883
374 430
631 103
868 363
69 650
596 338
231 499
515 608
809 835
882 699
243 975
601 33
450 527
198 177
773 841
559 216
127 290
728 220
253 735
948 417
400 151
538 421
459 692
960 511
101 795
853 364
545 555
784 813
287 394
678 329
348 868
684 782
424 172
64 83
118 794
896 774
681 452
865 167
323 591
128 559
76 941
920 5
865 16
387 734
135 868
376 67
362 122
145 528
976 754
495 826
408 382
304 191
323 877
548 146
291 395
756 221
371 121
963 413
525 702
492 995
642 890
715 784
428 167
675 254
56 526
788 455
845 818
370 146
426 384
564 686
820 592
858 399
894 321
73 915
246 944
7 882
765 492
582 738
622 335
440 395
342 753
389 62
851 767
551 877
99 623
659 304
555 131
97 113
827 915
189 385
191 247
747 975
753 507
833 406
562 876
946 655
928 142
69 844
674 894
415 848
472 826
90 361
734 566
4 953
173 798
899 69
88 842
839 489
277 768
886 780
69 622
530 240
735 57
575 640
6 926
344 18
17 92
36 712
843 200
683 547
978 945
373 905
995 425
432 350
731 831
308 816
936 453
870 626
852 217
335 50
302 254
734 172
936 227
909 255
352 506
304 381
365 796
654 621
527 737
417 690
126 188
611 560
813 436
181 974
954 378
421 839
263 36
358 482
694 328
471 193
96 221
814 849
968 1
110 498
984 714
538 799
379 22
232 284
987 156
783 876
638 791
182 345
958 926
582 718
623 22
592 842
919 785
815 736
86 932
552 796
755 311
243 587
946 800
53 214
612 123
778 725
416 126
835 211
298 382
445 253
636 208
491 355
146 186
900 87
759 26
853 81
88 981
41 33
667 277
278 137
826 714
303 993
144 822
198 249
15 427
619 758
4 322
813 980
514 531
943 667
957 469
316 451
572 893
828 102
726 99
944 619
945 262
504 210
927 370
31 841
932 4
810 696
500 6
912 88
279 540
407 587
174 306
451 363
69 655
811 763
813 41
617 871
138 355
211 299
15 967
823 112
92 254
76 731
839 973
556 333
483 683
245 520
998 254
780 773
362 852
200 135
327 203
347 40
450 467
362 743
860 362
517 711
333 38
929 295
641 235
147 350
366 86
903 20
774 73
812 404
251 318
138 167
532 107
252 621
114 38
426 122
82 520
588 258
665 575
755 980
137 118
964 525
68 602
147 941
133 130
817 805
378 373
952 60
313 518
242 420
302 634
142 227
117 697
479 294
905 347
501 282
818 748
14 473
109 805
274 378
97 933
995 988
544 100
692 804
964 961
36 768
148 954
792 882
633 836
669 564
908 844
108 242
398 602
737 742
774 941
279 237
504 895
891 637
236 334
365 878
576 211
817 327
45 880
762 258
945 290
715 696
115 980
379 434
426 873
597 692
603 955
418 789
36 196
936 842
258 330
41 618
153 32
796 718
96 22
371 156
74 594
452 187
824 458
385 230
314 196
78 21
850 18
633 482
841 813
860 223
242 802
884 213
703 691
523 9
375 962
816 953
128 63
447 771
702 633
371 811
265 461
56 849
310 986
640 593
873 894
665 618
673 827
375 145
692 341
820 770
893 468
694 751
791 547
971 438
130 842
220 866
919 718
689 621
707 368
212 562
844 15
458 478
392 32
947 814
142 76
697 283
811 367
905 230
913 275
456 834
53 544
682 464
48 738
526 97
361 843
347 956
921 681
60 307
528 517
605 617
996 723
438 624
724 393
191 884
622 552
128 266
681 442
754 672
295 942
22 226
266 688
607 333
991 546
405 331
101 764
864 835
974 675
827 878
496 926
685 260
582 148
731 497
876 497
380 257
357 804
68 490
589 633
127 654
129 59
352 172
595 216
23 579
444 756
444 483
598 989
326 752
788 909
488 843
57 314
475 71
2 589
393 856
211 961
693 461
487 788
794 576
207 831
214 339
128 394
789 843
665 725
778 476
157 49
113 989
575 207
334 926
890 767
416 228
955 194
765 702
144 670
716 486
700 995
717 827
800 896
968 900
174 526
891 8
764 506
123 482
956 708
313 574
578 114
961 122
411 89
910 45
895 977
821 926
951 835
398 833
817 889
503 612
914 227
189 369
991 467
985 495
136 319
430 449
731 830
326 118
681 5
353 180
444 229
675 611
88 135
254 276
511 143
740 951
568 102
219 732
885 15
867 524
300 891
799 339
413 692
785 257
549 376
953 871
738 291
956 366
979 55
597 620
746 854
504 405
505 700
883 403
42 849
851 241
915 652
572 813
150 511
431 126
266 232
620 609
694 248
533 182
702 727
993 945
208 407
906 984
393 747
837 736
414 179
58 249
977 485
404 348
536 376
117 357
863 518
845 55
574 719
170 241
790 596
25 530
541 259
35 747
968 990
649 475
312 98
759 403
869 258
161 323
659 188
950 589
379 572
976 456
510 465
963 722
148 188
344 164
22 767
167 450
904 132
338 832
869 740
763 97
212 729
456 779
130 596
645 147
463 968
69 577
708 20
278 439
26 404
320 249
670 649
106 710
506 220
347 113
757 869
539 222
633 687
596 293
762 13
891 739
184 711
339 772
762 124
374 334
784 886
93 466
956 44
188 134
728 947
515 119
678 481
257 795
940 760
120 931
247 626
469 780
951 408
187 55
443 161
707 684
637 563
979 539
953 605
167 751
244 290
803 511
366 885
884 242
466 951
340 876
489 366
958 552
267 955
973 9
111 144
241 889
742 978
637 232
95 652
333 263
246 616
674 5
303 467
15 463
55 990
331 617
794 858
378 259
217 903
441 719
243 727
928 183
527 465
70 612
7 498
887 55
583 798
552 854
268 654
350 22
788 805
523 884
356 643
644 960
611 143
287 400
629 319
829 205
448 837
691 148
947 318
487 73
897 533
311 191
645 587
410 156
657 373
714 110
642 451
456 370
240 537
371 321
227 997
927 486
733 51
550 587
809 451
421 909
776 660
889 877
410 446
509 68
277 78
10 331
410 545
448 660
841 835
681 938
258 621
8 872
418 103
111 982
497 998
542 884
34 55
32 409
533 95
954 900
228 761
263 418
51 680
731 218
345 395
510 675
295 13
794 78
677 821
739 580
913 475
928 501
639 999
346 918
365 90
96 689
525 494
796 308
501 554
747 162
610 602
364 896
208 810
317 392
912 680
730 163
70 576
161 740
468 494
570 520
576 709
632 833
744 795
522 990
861 764
716 161
792 689
478 52
356 720
106 655
621 220
342 519
614 879
151 231
504 958
720 779
105 681
316 21
64 38
230 759
231 138
397 244
386 71
615 736
605 266
642 308
710 837
904 615
802 718
620 201
589 790
456 366
534 249
3 355
407 541
671 816
763 691
969 208
699 427
737 92
188 940
687 442
504 489
340 599
767 872
589 632
370 430
704 434
427 829
29 513
550 767
812 6
440 704
774 357
310 8
461 86
262 202
803 47
953 262
817 129
132 685
298 693
940 4
409 628
52 452
860 339
369 328
704 719
673 880
86 815
12 646
414 886
401 597
54 265
518 120
612 355
643 499
37 224
825 30
221 643
285 876
712 424
329 772
181 811
792 320
189 158
635 800
122 981
513 570
843 799
158 49
648 799
230 855
490 928
877 52
550 154
343 111
441 624
26 526
652 718
579 950
763 53
621 47
531 187
934 148
38 473
938 859
888 866
406 349
100 610
248 580
252 933
678 137
666 577
100 753
529 447
639 428
287 475
202 33
97 861
114 789
10 994
61 250
926 806
72 508
520 789
500 189
248 334
588 636
754 852
352 508
996 957
874 273
969 655
236 550
384 423
990 459
342 667
442 229
392 914
480 399
742 491
310 783
908 345
769 165
680 264
404 136
189 910
336 718
137 563
263 183
664 828
292 581
569 641
241 464
404 494
427 967
715 329
674 476
837 624
53 866
509 735
312 261
935 295
544 944
301 691
812 563
739 757
473 310
613 42
86 954
488 469
786 932
220 948
425 452
977 791
523 399
419 918
167 364
375 225
9 918
415 822
623 359
654 276
173 768
355 101
583 821
749 77
878 275
222 471
960 748
263 524
191 600
106 692
142 180
674 723
109 831
660 561
22 990
977 723
504 903
584 843
783 437
239 993
222 241
870 653
47 494
830 744
72 730
354 572
736 673
511 221
693 210
945 427
31 954
75 942
902 877
606 949
572 125
365 793
187 473
945 149
379 945
913 695
914 648
992 232
610 283
972 767
175 729
408 412
93 317
819 938
513 363
951 185
129 98
489 986
903 58
466 805
285 383
803 510
141 763
133 699
6 187
48 461
134 433
197 238
314 256
320 973
998 478
11 288
61 734
289 70
487 863
856 862
817 488
252 75
843 616
114 274
385 580
316 744
815 646
502 647
640 478
122 922
213 449
237 59
384 523
350 874
167 272
871 98
816 526
730 204
797 750
454 964
562 901
914 6
816 567
844 459
961 33
456 951
607 36
297 169
874 661
530 73
576 750
989 161
853 341
507 665
990 214
519 868
222 892
465 985
30 974
714 28
571 637
576 213
680 631
723 806
28 604
975 367
333 992
22 38
485 794
961 542
639 43
385 187
735 580
666 125
315 409
23 968
706 842
728 686
90 651
201 453
185 629
794 473
723 501
263 110
49 166
345 895
145 222
617 811
120 269
513 224
594 13
320 954
125 245
862 778
501 870
82 712
243 37
121 790
107 807
533 463
39 186
777 317
189 521
501 791
216 665
267 567
808 957
788 243
129 522
61 591
464 423
742 590
484 938
660 949
458 589
459 156
534 368
797 236
714 666
877 958
329 760
517 253
593 271
66 137
142 82
952 218
41 349
901 239
977 633
122 144
605 837
142 253
900 41
294 776
95 203
672 88
78 145
86 430
469 286
622 716
572 481
899 851
494 835
598 309
840 825
412 754
108 65
662 726
993 269
449 599
939 739
988 851
606 83
938 553
265 833
70 156
828 40
339 800
838 145
262 477
403 641
62 963
46 452
370 925
589 742
242 531
519 767
889 776
128 832
951 112
5 608
663 700
461 964
814 270
154 924
138 313
927 251
346 388
134 620
20 965
822 174
418 136
94 969
260 904
717 444
668 872
873 62
267 885
683 301
534 516
848 507
441 955
81 492
358 912
17 900
859 157
623 108
751 923
608 411
630 856
152 689
450 938
473 507
60 685
299 339
816 583
803 835
271 217
934 427
701 404
991 761
751 750
754 318
347 764
422 238
904 121
872 485
199 984
791 756
960 304
759 160
892 519
565 487
344 21
414 20
592 783
9 565
123 691
34 838
403 781
478 307
840 676
732 626
144 235
632 512
291 876
143 983
19 733
207 128
582 953
687 138
692 572
35 275
110 949
532 933
447 998
448 896
395 139
624 297
8 373
93 938
704 241
936 177
987 578
685 247
723 60
580 467
92 21
348 143
314 11
651 184
877 669
709 130
620 611
275 668
722 15
244 383
651 9
138 901
910 774
556 138
884 271
902 410
718 425
696 637
180 662
971 645
256 174
534 689
919 957
884 446
150 846
172 786
981 612
159 532
727 49
612 407
561 599
946 735
712 453
933 547
402 45
869 657
621 496
270 76
934 471
955 936
423 598
227 81
283 195
375 377
912 753
53 501
436 483
259 362
248 687
356 538
340 135
285 514
805 475
701 534
696 262
804 727
500 508
192 37
293 456
532 917
490 310
774 964
921 528
351 551
10 785
247 758
784 872
359 24
6 905
382 843
37 276
295 880
296 914
979 247
562 437
447 949
358 208
305 932
32 636
822 579
970 990
754 889
956 157
633 120
796 630
525 400
399 679
680 199
789 491
918 205
266 936
954 285
681 547
701 544
92 854
465 440
138 366
581 26
949 614
328 112
20 782
668 946
375 586
181 317
168 680
337 23
361 153
125 208
346 239
901 677
632 252
850 847
712 180
717 445
20 211
441 898
902 17
358 969
324 713
218 84
550 884
238 19
76 154
833 87
613 77
764 239
114 436
99 344
48 522
512 153
622 100
949 508
112 11
275 229
169 810
194 495
689 464
756 793
87 713
491 320
57 526
403 758
340 188
799 832
183 575
330 977
88 35
861 952
256 53
123 653
888 522
544 214
763 474
191 861
887 629
757 431
321 604
774 819
496 742
687 322
563 976
70 192
348 930
987 33
314 272
64 361
317 633
164 358
272 294
755 745
404 867
775 812
101 423
598 837
90 648
93 771
267 106
984 968
710 324
71 972
310 12
831 634
893 941
710 557
663 187
896 233
533 236
58 204
793 151
280 126
778 197
154 603
431 985
566 108
239 124
578 566
121 789
285 100
693 359
603 183
897 354
423 218
618 678
216 666
307 581
548 653
316 653
924 972
636 454
621 662
638 524
881 297
809 532
493 35
441 888
619 250
997 403
215 698
271 196
420 514
647 617
542 321
392 366
477 576
375 289
394 864
179 458
496 80
147 680
633 523
460 481
759 223
304 777
356 722
507 437
911 682
671 749
277 714
186 697
888 951
100 735
620 406
208 17
754 588
464 770
657 53
900 735
260 574
796 920
569 939
106 830
801 108
952 646
231 65
974 583
960 145
232 872
348 902
690 409
139 357
927 452
250 608
732 828
35 84
328 170
845 635
187 113
281 244
727 635
914 864
935 590
681 635
480 340
172 122
693 552
567 3
852 649
116 815
651 236
724 558
55 348
160 560
927 792
176 298
214 342
306 491
471 381
962 364
636 379
375 193
569 438
952 298
904 397
587 566
365 60
807 37
407 443
418 842
156 249
344 329
234 933
511 743
863 338
28 35
982 420
969 971
752 469
91 567
982 399
341 125
743 828
942 641
559 659
895 931
473 950
263 54
961 458
683 551
978 941
449 513
654 164
472 378
878 966
735 987
300 592
525 137
468 238
787 626
61 361
410 163
122 361
151 344
745 633
796 531
525 107
547 399
956 715
535 182
267 468
179 640
880 531
20 644
2 923
538 121
543 232
546 604
908 347
340 629
414 404
115 128
499 12
263 177
272 453
471 178
276 76
416 551
668 990
851 464
12 582
106 377
345 551
306 871
77 270
863 877
704 702
868 623
376 543
307 671
470 889
774 97
722 302
850 763
284 757
324 412
821 394
694 904
733 686
113 877
494 226
261 195
617 173
394 484
234 743
316 217
400 580
612 400
722 592
850 541
639 953
299 702
216 947
354 194
564 113
271 429
592 138
652 748
563 315
109 829
75 245
810 352
12 856
51 124
511 78
419 341
300 677
75 979
518 851
758 116
939 810
282 219
961 133
140 141
785 192
913 907
418 555
315 145
597 811
516 455
221 71
64 246
858 924
287 108
715 609
131 752
650 928
297 664
780 35
819 575
804 169
219 987
681 6
495 894
222 706
426 659
745 880
318 925
174 417
264 445
461 907
135 78
105 97
902 68
859 792
238 327
789 61
693 358
45 349
328 815
461 237
483 397
565 727
747 732
567 361
860 277
627 2
60 897
10 860
446 146
211 875
623 54
772 550
494 254
333 260
389 114
228 339
712 403
364 670
165 475
627 288
151 432
223 341
123 962
599 158
268 980
285 850
881 413
27 391
952 192
113 196
756 794
601 863
52 865
770 724
860 968
597 139
929 577
454 228
93 444
517 458
920 536
317 180
523 873
140 339
378 962
472 387
697 590
744 623
321 674
486 676
88 211
126 399
499 539
728 995
467 121
657 473
145 269
164 63
131 974
226 464
874 452
927 338
710 102
733 415
736 429
251 931
81 362
704 139
305 80
345 931
896 605
970 834
440 969
791 336
746 941
874 230
840 298
766 285
442 10
281 136
139 38
984 969
881 787
608 949
591 180
149 129
423 358
375 553
316 27
105 93
805 137
167 797
397 792
422 693
323 176
381 474
633 200
517 584
928 409
678 597
399 28
756 553
66 113
639 992
674 228
582 933
77 803
438 166
397 732
561 724
722 683
273 982
726 35
777 70
130 978
60 489
795 870
891 977
981 197
415 921
75 44
331 134
443 576
446 379
8 227
411 238
294 665
633 763
786 449
199 788
258 230
482 776
675 587
412 611
770 845
583 837
351 377
463 80
784 945
520 288
257 983
207 95
546 855
233 432
260 251
965 357
500 122
193 662
158 640
206 487
605 41
291 33
742 450
787 231
413 974
242 608
577 953
483 662
46 676
728 571
512 760
150 582
393 755
121 726
431 783
196 128
826 123
246 794
858 392
967 734
770 839
586 667
346 164
205 459
794 588
449 725
266 421
86 802
315 375
812 344
246 548
63 86
321 403
508 359
229 453
833 504
778 427
156 331
431 323
656 771
472 912
517 846
720 86
631 288
196 146
686 931
126 952
916 684
60 542
373 705
428 774
743 648
322 432
160 475
626 322
991 78
408 965
459 730
122 37
216 34
2 421
778 894
984 39
639 425
553 54
737 689
810 431
98 397
170 526
229 367
377 194
641 907
770 849
735 875
884 695
961 954
945 285
232 10
969 407
988 405
650 826
603 886
231 905
913 712
917 256
870 800
342 304
893 641
784 187
793 619
785 406
128 959
936 774
242 565
394 152
600 435
233 206
31 7
417 407
769 186
993 836
371 88
758 580
245 575
28 987
825 643
115 95
333 172
944 31
824 581
868 694
560 79
708 95
836 404
711 808
539 987
955 494
996 210
774 70
599 919
980 907
655 993
158 203
968 883
273 611
919 812
784 739
651 838
391 579
964 391
739 897
811 124
152 655
264 969
817 675
468 617
855 879
971 370
965 787
65 227
228 361
726 248
748 608
549 529
203 93
956 629
243 876
728 460
770 753
765 326
482 127
47 149
710 447
527 159
70 798
588 991
969 507
442 721
459 789
961 203
819 213
692 845
398 976
790 470
403 954
737 887
649 950
500 510
247 579
486 697
487 208
644 895
900 257
376 307
197 459
680 939
255 197
761 121
525 61
809 357
87 368
876 279
405 399
120 935
391 172
819 657
614 374
279 539
486 197
72 153
562 23
951 5
828 304
690 305
16 832
275 589
665 85
224 931
208 472
181 315
168 682
225 591
745 144
708 44
735 265
987 255
832 988
24 105
601 100
778 190
780 608
590 187
683 375
955 522
333 434
392 348
854 764
711 669
786 628
988 626
111 645
726 314
587 608
237 167
735 440
916 262
114 434
703 94
704 289
694 695
384 526
564 167
783 71
4 126
665 860
612 45
378 225
238 589
23 291
833 115
144 734
291 635
553 364
122 817
669 670
691 506
895 890
108 88
383 86
888 8
792 887
445 367
925 933
779 363
783 571
594 674
520 833
762 156
391 498
326 205
753 631
992 937
57 970
819 380
550 764
145 225
742 340
173 199
391 144
858 881
236 617
883 478
822 335
572 866
963 423
638 231
54 916
93 690
295 346
476 690
850 15
903 27
694 164
822 105
626 550
272 597
238 352
763 223
722 213
464 237
686 456
600 649
548 425
399 377
444 930
543 342
600 824
512 426
397 872
642 549
167 66
349 891
190 289
780 667
659 282
769 686
372 819
433 941
33 235
180 110
643 782
38 836
829 581
486 528
345 218
74 568
40 616
882 979
599 274
892 280
992 770
725 23
27 6
273 119
748 152
317 102
502 162
458 49
74 365
193 321
387 8
682 361
800 255
876 42
677 87
736 765
364 214
93 461
849 946
60 191
210 590
904 781
122 480
303 789
398 571
639 234
948 717
692 778
943 970
654 411
1 297
202 378
963 541
875 657
581 190
766 378
767 135
658 697
953 703
951 476
224 13
375 750
317 705
568 822
491 537
446 871
443 346
872 568
689 38
567 29
539 849
461 181
171 308
176 206
317 859
729 918
949 973
272 689
738 860
135 294
618 486
333 389
419 563
821 205
209 155
252 31
627 509
590 243
171 99
635 966
160 784
513 796
473 335
761 247
95 704
367 943
668 440
899 21
527 375
693 27
18 357
290 542
526 949
949 306
865 831
331 71
527 21
729 470
668 205
942 532
543 799
491 266
878 746
346 571
368 95
94 663
613 583
28 195
765 780
113 493
811 61
619 171
924 261
947 92
841 481
126 629
19 625
294 533
297 948
444 226
763 388
984 471
107 88
913 941
75 902
546 844
297 384
309 951
580 681
526 275
766 692
359 70
267 309
629 100
461 562
957 685
611 775
799 350
508 755
469 883
419 2
885 187
888 401
432 407
819 549
694 467
93 984
671 929
304 81
858 728
286 321
841 163
440 625
314 22
611 994
232 499
563 601
430 608
659 662
992 413
595 872
443 471
801 939
65 812
802 146
287 718
113 513
55 674
229 123
581 726
939 244
327 546
591 397
618 613
194 885
121 979
74 783
769 357
128 363
208 57
599 7
157 16
198 676
34 861
384 358
886 721
650 179
306 635
161 326
455 156
403 257
119 83
982 87
930 498
894 803
878 420
471 982
705 818
104 423
13 979
730 359
454 879
492 54
151 837
122 215
413 997
113 312
440 920
852 805
778 896
784 589
392 63
77 413
571 887
553 384
610 211
687 85
453 484
529 415
265 316
938 605
266 738
853 302
476 279
391 87
559 508
3 771
231 95
315 271
701 859
595 456
962 862
811 268
755 526
628 256
38 796
597 523
414 359
141 533
608 828
1 130
378 255
366 901
63 580
193 974
305 276
96 249
242 681
115 141
647 156
284 902
77 249
258 565
7 146
337 129
215 111
147 503
684 54
498 481
979 530
30 64
586 720
955 525
133 857
150 873
428 395
952 373
328 527
388 809
427 197
656 829
215 802
989 855
756 582
782 360
380 338
773 43
761 709
869 690
787 880
434 445
414 767
899 605
829 260
636 242
873 704
433 755
751 547
365 292
4 14
481 751
812 869
763 241
984 194
292 257
520 100
723 607
597 122
307 452
715 451
843 150
511 108
598 412
654 354
553 616
52 560
491 240
27 882
690 142
230 351
670 904
841 266
176 743
908 168
103 52
322 957
163 483
542 701
653 252
840 477
628 219
948 776
111 654
277 216
685 171
686 124
580 391
79 891
16 798
805 530
338 270
987 105
651 197
745 226
637 308
334 609
642 768
775 197
537 238
794 711
559 104
200 312
846 147
849 221
389 434
638 849
254 605
891 407
826 165
94 642
954 739
497 84
815 678
265 94
618 564
34 645
773 254
213 599
119 106
359 955
403 313
373 747
869 726
644 252
458 299
424 343
958 404
674 567
338 303
630 786
146 252
668 25
765 871
292 293
442 662
922 198
47 61
542 68
795 55
463 173
273 289
296 990
4 407
870 956
670 996
623 972
738 166
331 708
852 418
653 143
310 304
275 825
490 190
440 999
438 182
798 438
729 763
894 31
514 25
607 766
813 107
580 266
968 492
141 686
71 941
11 771
298 559
926 421
394 26
278 929
493 448
51 408
962 910
279 913
674 437
802 254
509 822
366 161
99 550
65 586
512 439
90 175
716 687
648 599
542 119
205 283
323 319
493 115
631 397
78 567
6 304
264 815
63 417
378 469
794 422
927 712
198 712
303 267
220 112
707 338
470 690
982 72
442 960
404 895
460 290
833 280
646 266
327 113
13 620
296 382
294 985
151 800
905 260
88 960
622 893
623 556
243 944
363 215
239 968
892 184
3 23
386 949
282 194
410 63
653 977
514 441
183 774
832 28
210 864
173 364
763 628
526 272
620 155
322 882
610 385
634 267
62 784
983 684
710 940
107 377
476 82
496 944
371 316
340 513
472 494
490 146
76 863
757 368
854 810
546 603
988 36
555 651
93 840
612 968
150 497
727 393
763 944
451 146
418 57
770 258
615 340
822 86
721 833
495 426
542 177
963 156
144 942
335 920
167 948
243 306
660 324
727 426
781 952
470 239
933 717
206 725
981 721
677 712
777 162
389 172
446 471
638 587
419 925
700 648
392 111
737 370
251 218
159 967
316 918
818 624
946 573
673 339
89 20
17 279
588 74
695 934
611 443
95 106
957 155
887 478
601 241
672 568
308 673
731 915
65 444
251 425
117 277
238 657
432 792
500 387
351 914
339 826
140 313
896 935
869 774
532 871
607 237
629 293
723 928
563 75
156 563
433 146
783 598
201 910
297 483
413 737
361 688
876 273
988 379
145 695
595 459
614 485
350 416
861 471
381 374
746 805
107 357
552 502
383 752
98 608
706 867
653 296
323 669
824 918
288 968
901 894
791 446
225 355
973 808
760 87
305 356
312 456
405 833
802 183
470 809
921 467
626 915
458 993
167 971
12 648
924 710
390 174
234 548
238 420
332 153
87 958
812 403
851 719
105 508
34 783
950 257
57 86
93 505
950 800
289 187
364 665
769 753
385 712
575 13
354 387
834 921
285 815
640 322
949 504
845 311
235 541
370 831
811 376
100 961
47 826
962 799
774 972
860 971
511 777
22 524
557 933
83 526
320 172
130 127
463 58
770 578
239 915
865 576
481 351
706 272
151 701
411 407
679 615
867 287
190 560
212 72
857 789
567 710
325 215
930 987
168 46
204 724
596 182
45 728
678 436
904 625
875 38
838 174
552 67
991 580
527 365
749 914
577 708
295 630
244 110
7 322
210 74
322 186
126 142
259 905
708 364
488 967
129 65
901 995
206 81
119 688
564 803
784 419
859 889
288 841
877 629
163 911
206 883
547 557
72 371
25 547
506 632
693 148
548 649
954 736
369 384
985 335
113 955
518 432
1000 450
742 722
394 522
125 564
109 79
424 713
811 471
942 911
356 504
798 723
251 130
811 685
47 222
786 26
435 120
329 477
453 349
325 937
472 499
142 66
240 127
682 362
605 610
307 291
330 64
684 887
485 716
761 284
174 945
156 708
491 223
761 141
925 824
141 233
438 917
181 968
799 356
486 929
733 480
763 24
311 14
295 485
886 530
357 988
709 119
603 924
106 220
81 906
784 225
474 715
951 79
738 632
318 600
84 602
270 799
272 548
625 906
845 857
79 417
101 185
985 878
34 369
365 427
94 946
950 131
906 958
997 640
678 4
551 920
608 178
213 253
44 93
25 910
445 557
321 487
87 216
902 221
206 766
299 424
321 926
734 305
768 209
608 400
405 716
303 401
845 366
939 233
526 955
359 990
235 596
52 6
473 111
114 331
247 165
435 39
164 559
972 198
705 965
887 501
619 635
263 977
714 925
623 559
293 30
539 346
587 118
863 141
576 965
313 801
230 570
965 701
880 75
455 655
869 162
965 846
657 21
966 25
35 617
715 283
994 117
245 504
514 297
115 996
116 331
409 109
173 252
547 435
129 382
349 475
150 148
922 181
101 618
33 922
505 581
380 567
286 849
242 560
719 6
866 598
927 53
681 161
898 349
423 346
595 253
188 573
561 61
291 316
43 463
392 581
689 465
661 91
171 419
372 544
335 732
854 612
485 207
298 809
273 317
552 998
937 888
755 225
208 172
962 477
122 686
525 781
623 30
327 685
664 79
886 676
742 952
502 701
263 625
234 739
73 807
20 282
150 941
303 437
802 340
806 308
455 158
493 999
920 663
372 996
51 162
678 973
26 620
564 470
346 541
93 197
343 781
946 284
286 965
417 717
183 583
420 139
147 597
501 32
670 771
274 560
574 511
724 456
102 492
619 786
451 676
550 324
215 813
300 967
708 840
631 398
819 357
788 988
443 73
316 313
157 763
379 951
395 170
129 346
968 533
455 806
897 657
541 929
603 964
250 676
487 657
490 247
809 535
96 2
723 479
390 498
174 421
751 437
686 320
194 514
985 821
471 601
492 803
717 342
103 551
72 457
172 765
956 337
907 275
160 636
289 88
586 734
642 604
594 325
264 650
552 646
484 45
985 798
20 412
661 337
422 367
320 737
651 871
450 124
234 711
21 611
868 26
781 701
209 557
881 401
937 391
789 622
441 720
686 990
271 294
803 798
386 566
388 472
299 559
566 739
57 529
100 593
605 748
182 194
359 530
784 252
304 753
883 871
130 341
349 339
89 832
170 562
965 885
436 177
667 23
616 685
126 258
953 966
331 730
101 704
229 691
736 417
605 193
629 203
885 369
144 357
2 863
813 5
780 850
49 216
604 398
896 383
629 780
647 130
957 806
8 880
376 893
985 785
358 317
768 825
536 261
21 451
849 322
725 863
836 88
774 362
228 232
418 320
562 570
929 180
638 678
398 305
570 846
238 48
132 357
995 471
336 200
462 952
108 612
768 357
40 732
649 422
173 928
1000 398
801 227
17 700
937 483
738 660
172 644
618 980
730 170
361 814
53 391
847 785
294 947
243 809
585 276
428 941
216 219
217 134
481 265
27 133
579 592
984 160
783 378
397 11
93 412
648 471
978 962
316 189
230 543
641 125
313 885
451 751
469 634
442 502
188 214
64 428
11 631
601 379
178 412
644 648
875 5
527 660
197 17
850 317
797 834
12 234
768 584
732 825
129 386
738 390
645 842
306 538
948 925
837 355
289 693
751 493
457 623
738 744
891 680
603 260
107 987
189 837
893 61
786 665
935 312
77 16
252 870
885 649
214 363
108 938
933 727
220 568
202 415
115 274
544 538
686 709
29 94
11 511
199 402
806 446
368 662
539 785
703 2
133 933
289 354
733 598
685 760
649 450
852 703
928 135
857 359
969 893
643 764
312 408
557 714
736 975
398 222
493 804
260 219
890 328
673 294
485 832
193 153
108 12
74 396
463 728
919 174
406 455
923 43
209 919
374 459
178 94
948 398
513 866
205 887
938 612
26 346
226 514
714 207
163 351
74 110
496 724
933 304
89 589
634 265
819 697
537 360
70 592
617 570
889 189
688 456
784 191
721 184
895 371
399 766
459 245
537 281
22 339
957 908
266 769
487 765
650 747
978 12
851 358
472 867
197 952
110 507
36 506
243 22
909 700
372 434
615 342
606 684
546 315
417 245
882 451
441 255
618 473
134 416
693 297
918 746
467 1000
142 720
270 389
199 481
642 744
820 135
359 799
821 183
34 715
189 301
355 29
247 27
200 782
916 588
576 661
354 223
484 590
32 71
536 983
450 165
61 964
759 237
283 118
946 394
847 853
17 422
806 102
478 247
960 274
64 633
445 470
875 385
388 496
645 445
957 123
335 315
397 164
822 342
300 561
702 109
32 515
685 418
353 89
745 719
106 883
606 956
845 732
681 267
361 327
192 487
802 608
451 338
379 467
447 311
135 52
49 204
841 943
418 1000
475 249
201 384
44 114
569 594
457 604
506 785
766 147
484 36
452 223
817 245
241 612
868 711
300 411
875 521
860 934
77 71
319 30
160 637
288 275
416 471
870 472
60 926
247 831
719 601
975 963
29 917
217 749
826 273
869 477
946 874
858 110
821 26
627 295
920 837
285 813
941 618
82 803
235 543
677 460
507 595
263 907
860 965
807 484
757 559
169 206
209 829
35 661
397 486
383 205
100 545
528 530
601 124
109 941
2 361
754 546
575 592
382 798
708 127
939 781
357 407
580 748
581 309
983 737
345 566
701 892
831 829
98 659
230 444
547 330
126 253
73 503
182 307
510 156
323 891
38 730
749 801
399 566
491 561
457 993
519 289
480 334
617 643
512 529
305 309
860 33
571 62
756 114
461 938
582 466
627 199
208 343
100 333
428 324
397 297
806 689
516 907
579 505
158 244
128 423
203 989
363 1
7 913
447 222
251 969
255 769
860 613
722 386
320 718
712 436
548 794
466 305
163 726
493 942
753 240
756 980
977 993
118 293
553 658
497 260
557 886
467 476
910 94
969 930
336 2
792 697
692 556
583 907
496 459
169 443
170 644
279 42
523 904
732 758
588 882
773 704
347 431
248 459
653 938
841 346
986 661
199 672
746 648
888 667
830 514
690 177
537 738
486 903
810 726
814 246
892 958
325 491
330 435
3 363
426 818
188 821
63 699
154 197
102 151
676 66
186 210
791 371
906 715
598 891
729 760
805 563
738 630
64 617
301 788
304 56
548 235
107 589
401 914
456 195
318 860
444 892
250 959
446 263
149 273
650 470
9 422
825 836
916 117
935 824
205 218
65 591
816 897
191 27
29 940
772 596
609 606
744 163
398 66
598 781
747 808
821 33
164 996
54 432
310 558
994 951
26 965
668 436
948 66
730 109
434 436
327 489
789 564
333 600
104 288
912 893
507 173
626 413
350 805
186 842
649 82
928 247
14 124
143 280
881 41
369 122
520 449
647 984
407 151
782 65
904 232
546 759
250 91
549 811
876 537
84 392
57 697
776 137
481 389
412 557
14 265
252 812
648 323
175 382
1 623
300 989
157 528
72 900
843 433
827 788
831 996
961 558
637 949
196 301
503 931
288 816
240 601
404 946
520 635
704 200
82 180
980 365
638 321
860 994
182 251
183 86
854 809
585 36
736 72
354 967
974 942
372 268
709 139
718 251
295 286
907 408
836 2
366 452
434 218
883 458
436 656
517 745
186 443
168 834
285 437
953 155
592 693
468 955
367 233
51 213
674 71
547 815
106 597
589 88
911 891
955 594
663 545
6 384
512 5
897 477
639 757
685 598
506 289
414 628
734 905
237 79
476 905
683 189
471 117
82 828
485 641
591 973
682 428
69 679
895 623
769 805
458 366
810 219
8 209
835 548
503 466
655 465
179 8
431 828
554 138
355 681
359 307
161 902
503 822
26 268
891 762
912 293
255 115
464 194
526 320
303 713
414 143
734 231
184 703
150 84
667 186
500 153
173 333
666 406
712 513
657 384
107 457
179 964
254 392
828 495
187 465
207 18
727 731
178 308
966 293
605 251
112 560
472 375
612 149
337 477
515 893
980 385
286 278
931 95
431 57
49 178
706 663
300 274
168 512
43 412
832 551
851 261
907 55
730 638
510 466
383 928
64 1
600 690
306 773
293 813
115 431
815 936
928 516
893 228
968 773
881 548
86 824
59 564
690 878
659 261
399 6
222 877
406 870
668 589
462 930
1000 5
857 444
691 131
169 898
322 802
27 492
674 845
198 535
720 19
369 251
133 136
602 27
506 436
773 952
173 860
855 620
558 689
8 205
890 129
50 376
32 211
765 863
970 313
459 820
723 611
61 88
652 541
635 447
395 524
982 704
144 780
491 103
18 877
589 938
335 286
249 927
246 207
999 775
819 421
586 376
127 88
386 120
494 905
499 737
744 477
634 108
456 748
168 160
315 179
149 244
616 830
546 845
220 204
261 798
525 429
22 425
135 867
444 635
713 38
12 7
835 694
276 300
991 871
775 954
707 512
306 711
79 799
76 753
122 912
760 118
318 562
163 803
203 766
119 546
210 506
911 424
569 705
253 440
538 203
632 287
206 886
9 282
137 301
944 171
622 446
367 801
775 382
986 397
952 277
751 911
163 750
575 221
9 244
393 149
195 257
34 641
368 763
631 346
651 511
372 943
601 995
490 802
643 642
754 131
757 736
497 426
265 278
208 803
321 68
359 516
565 233
490 949
53 389
916 517
616 207
497 764
362 952
588 909
274 453
61 11
722 967
887 387
283 49
912 591
661 920
476 782
369 594
562 643
725 213
250 183
269 79
342 655
365 550
188 97
687 9
912 365
951 644
207 180
467 27
841 298
325 89
457 209
832 931
766 748
303 630
767 61
842 196
607 452
719 190
414 272
698 903
719 47
618 190
802 937
197 817
438 37
332 536
221 638
449 796
12 458
146 852
994 318
963 279
196 142
950 51
163 991
171 440
390 218
484 129
306 973
78 281
834 651
251 871
948 34
510 708
741 72
579 101
541 262
817 552
358 904
608 403
807 77
958 203
975 811
9 16
707 457
189 992
503 58
12 925
52 146
623 229
91 956
627 286
95 860
388 301
425 352
282 667
561 700
640 269
311 788
575 471
618 822
748 905
143 734
92 869
920 604
796 55
855 641
514 736
36 620
772 56
173 565
19 519
259 20
64 236
652 549
446 970
179 205
629 333
390 969
743 501
28 510
840 684
127 16
918 467
749 565
911 549
794 212
297 532
258 928
799 325
69 56
999 892
760 353
834 579
656 108
115 744
948 972
606 736
223 900
52 577
741 583
571 723
667 65
159 216
219 869
680 31
595 254
944 390
362 470
763 948
585 436
242 785
262 98
963 243
858 455
533 45
202 127
632 232
190 384
245 859
530 869
512 504
594 685
417 100
950 398
823 692
493 305
864 971
332 881
673 811
12 675
642 742
243 423
661 427
864 553
276 873
946 727
378 501
308 922
221 841
185 339
269 467
640 745
859 415
131 398
630 606
320 469
527 116
880 317
570 713
147 888
297 43
529 368
532 525
969 506
782 973
502 286
955 833
247 472
442 573
866 850
192 172
748 433
144 207
272 20
516 319
40 496
115 596
866 932
171 806
179 967
1 507
93 21
205 635
576 105
761 59
746 801
68 309
253 879
219 931
382 45
576 480
228 691
562 143
376 134
638 354
494 371
292 908
441 462
79 324
7 491
689 16
512 567
486 334
23 861
440 530
771 566
577 891
432 150
965 500
966 599
418 764
444 805
693 410
774 181
43 189
817 406
155 694
289 93
590 189
169 743
920 937
132 196
815 792
1000 247
673 823
581 582
492 595
919 846
521 491
744 252
51 628
986 89
811 94
243 560
442 147
544 691
372 852
655 225
100 894
281 956
342 791
713 897
610 575
60 476
342 902
657 518
57 534
705 898
888 931
446 362
606 237
93 294
961 858
96 18
139 945
998 620
739 158
235 399
867 400
139 403
946 97
54 546
314 663
960 141
14 992
951 321
474 576
435 762
954 342
992 141
700 182
701 747
183 153
885 495
335 962
121 594
654 850
508 278
920 376
76 707
215 153
717 375
366 799
556 187
774 262
478 65
604 175
950 455
56 271
538 717
703 821
561 804
266 392
214 322
101 144
418 351
958 861
622 302
753 397
219 361
402 843
817 668
513 699
754 49
55 820
61 695
463 711
744 103
307 875
192 697
749 86
637 677
80 494
759 38
762 774
691 318
639 604
17 467
237 312
648 288
443 601
709 942
86 423
469 293
899 858
993 537
463 827
544 155
653 855
965 709
764 311
875 364
490 122
221 373
97 847
226 173
961 806
429 776
468 210
839 829
606 88
302 89
692 545
254 961
710 256
1 434
398 684
975 178
207 36
250 505
527 657
951 421
645 806
488 521
162 726
897 873
771 848
629 172
353 865
193 792
729 766
54 987
684 326
764 756
746 27
439 900
269 655
40 119
764 619
16 342
27 956
971 771
128 103
627 165
224 720
694 53
107 877
290 455
684 251
885 662
542 233
396 79
227 747
643 946
60 832
223 500
78 393
206 706
431 731
859 148
916 341
830 615
117 770
122 616
821 415
56 86
755 468
994 548
77 704
388 125
248 958
518 778
947 742
200 789
498 998
619 750
321 39
88 854
711 278
1 929
934 51
920 960
834 255
263 973
765 917
36 621
296 242
792 663
833 61
706 293
445 463
801 607
624 870
387 106
279 72
175 139
678 460
999 330
130 280
205 884
26 345
838 456
257 923
266 533
47 306
896 766
164 111
847 475
425 622
500 54
654 633
309 968
775 735
232 731
345 924
412 254
516 521
756 150
978 120
228 623
987 458
895 499
224 926
152 171
950 634
270 767
309 283
300 434
466 966
802 172
395 334
324 312
586 599
650 456
140 521
236 521
56 933
926 152
458 857
593 130
149 420
445 589
775 378
191 57
673 810
245 266
664 372
176 783
432 567
603 1000
626 221
298 222
169 932
995 272
225 992
890 550
801 63
983 275
95 947
671 777
247 20
681 460
765 599
783 104
330 704
956 524
288 88
929 716
877 14
878 281
535 584
312 826
227 425
84 294
729 47
606 359
920 824
973 652
833 25
942 677
688 772
250 125
666 869
17 337
532 765
187 644
411 348
540 846
273 339
442 570
870 522
38 41
726 425
175 284
434 934
883 685
884 658
867 452
701 605
322 851
514 265
399 825
236 749
443 77
141 446
969 5
883 459
6 516
922 149
822 378
823 215
20 672
958 435
511 797
797 952
228 962
710 687
949 621
775 993
957 798
154 989
319 293
581 914
927 186
598 992
927 234
920 140
918 939
855 452
508 209
551 975
55 668
183 459
665 376
354 715
746 373
877 541
54 348
954 870
519 130
255 526
464 38
726 450
256 815
730 769
289 205
73 344
8 691
190 159
104 92
268 893
129 597
393 200
307 782
844 31
355 58
319 735
808 386
913 402
986 888
803 770
170 694
882 825
847 825
407 360
602 392
565 260
715 155
255 674
660 616
347 831
226 932
806 888
838 743
711 111
473 837
607 46
311 637
758 398
706 365
230 631
690 517
718 808
296 89
792 768
779 868
688 959
784 830
141 111
930 980
473 615
629 260
4 441
834 529
870 566
883 649
919 200
71 337
121 134
512 839
361 663
454 91
953 827
2 57
213 826
978 286
137 774
754 597
489 251
295 621
315 403
785 599
956 408
334 28
634 558
750 932
955 208
205 465
557 124
102 859
341 753
685 984
524 754
245 865
428 327
253 691
730 707
306 807
203 577
935 272
648 722
872 368
410 889
730 882
570 219
840 679
96 622
7 914
707 121
418 463
940 456
134 275
265 64
447 178
358 893
143 99
716 359
685 764
649 426
146 468
113 15
242 365
208 805
173 813
997 491
411 984
85 161
557 396
143 831
915 472
795 894
210 867
672 227
838 688
369 482
218 629
293 101
832 505
227 481
523 828
49 961
602 287
888 728
92 929
643 307
807 636
494 841
101 957
84 205
601 93
58 992
899 234
41 246
45 678
247 512
784 794
912 367
235 56
95 476
620 173
469 759
184 889
315 209
279 378
428 762
838 143
550 531
496 906
650 913
714 280
127 813
370 594
921 98
6 616
519 527
904 556
614 128
279 713
620 625
72 39
136 950
110 483
354 913
584 194
250 954
115 504
43 375
18 979
394 151
147 309
394 358
950 339
502 682
587 592
932 841
725 706
545 420
640 400
527 490
825 148
43 819
445 891
337 530
604 341
48 971
982 66
590 121
682 134
282 653
920 721
246 329
653 519
700 614
259 376
373 890
9 833
304 863
446 750
715 163
790 595
424 456
540 14
87 889
218 760
972 417
558 606
155 217
381 149
934 877
757 774
395 935
165 817
153 857
592 185
981 447
710 23
487 394
375 681
793 873
97 52
600 157
728 590
509 319
590 632
883 494
386 320
11 885
328 207
287 887
721 520
793 51
595 19
797 979
68 241
261 630
706 920
380 766
422 986
418 51
975 725
483 523
306 796
368 889
419 583
594 459
221 596
315 534
547 835
911 482
219 434
382 531
582 827
472 598
824 427
454 666
661 312
886 697
104 97
233 643
24 170
916 362
547 526
198 558
750 11
218 152
200 675
916 729
256 740
829 761
887 39
212 749
639 646
290 799
882 869
491 974
627 894
674 633
622 803
966 897
41 44
723 584
374 440
265 596
818 858
50 437
342 693
148 794
683 651
995 653
500 373
891 620
343 905
873 267
187 357
25 322
758 252
877 775
50 151
134 973
2 82
775 685
154 137
525 390
121 866
128 996
964 288
992 227
615 3
410 430
129 462
48 154
33 554
965 353
381 122
823 71
92 243
379 377
119 682
564 853
581 913
822 389
720 571
93 727
370 380
998 378
102 783
86 640
98 412
312 445
718 69
920 60
889 511
814 600
375 866
754 474
721 48
133 834
85 569
696 658
121 459
879 163
494 135
479 849
890 712
413 355
734 985
699 630
995 271
602 119
981 498
240 284
811 481
892 268
913 401
381 881
901 240
733 273
964 784
99 720
626 307
40 914
611 477
758 284
32 214
17 390
754 463
386 853
338 570
834 343
123 644
376 767
969 255
726 728
892 688
914 430
398 551
750 401
974 710
425 651
62 752
984 406
396 60
736 567
737 866
44 526
425 532
874 461
241 135
819 324
953 826
171 917
546 699
619 19
180 877
714 485
791 363
861 483
366 963
684 348
296 549
116 174
728 552
432 37
159 146
822 502
385 241
298 562
171 704
906 821
159 291
115 954
93 571
646 819
522 357
483 579
817 295
176 169
293 974
422 674
884 329
133 789
790 752
780 572
855 88
786 705
234 514
552 931
203 977
295 1
564 510
67 190
308 188
254 720
916 435
275 45
479 181
270 960
378 440
34 668
412 531
934 299
807 59
699 658
369 11
227 181
636 79
22 704
167 297
886 899
800 912
243 812
118 168
321 970
564 50
910 34
333 566
354 114
743 748
725 97
529 318
736 774
701 216
4 376
903 892
889 360
853 397
106 514
947 72
839 174
970 171
697 625
709 718
583 165
587 174
774 890
810 579
430 144
123 910
596 762
433 727
130 84
650 783
68 504
223 817
662 958
499 284
671 114
870 829
551 343
595 118
172 477
335 819
963 506
466 190
819 638
72 217
785 747
755 892
628 502
559 512
893 982
626 305
383 916
573 676
820 695
413 231
620 641
898 405
902 437
660 430
944 251
600 877
547 934
162 152
751 206
20 46
829 784
276 144
208 198
464 80
343 808
858 256
328 767
738 742
501 752
48 750
260 870
661 404
20 268
850 559
512 172
717 861
755 470
979 331
227 209
212 603
48 972
948 87
532 278
420 552
369 128
789 84
62 253
251 499
619 736
412 404
825 373
899 922
207 593
139 785
191 552
347 870
187 525
463 872
214 934
749 383
294 690
401 773
635 376
948 395
515 872
992 523
477 973
390 972
819 414
917 565
791 92
650 848
210 859
942 472
527 582
932 22
735 739
832 898
27 672
607 549
941 241
488 615
31 121
879 613
576 310
278 706
245 661
416 454
380 700
785 542
478 773
127 550
82 357
638 950
293 821
333 52
674 464
91 78
111 131
973 100
883 797
958 904
778 18
564 519
512 106
419 676
21 728
254 272
17 605
364 684
510 886
114 391
537 578
939 186
419 898
389 806
169 326
670 329
341 93
568 143
472 228
548 941
734 540
517 58
43 687
999 680
194 305
752 890
51 168
179 415
553 750
66 887
361 893
838 761
808 444
809 901
826 813
352 616
795 214
652 629
714 778
446 113
724 359
961 883
981 368
857 770
1 734
453 940
904 717
247 715
13 399
841 278
490 332
879 810
239 715
420 407
502 738
499 694
926 921
418 656
903 507
391 167
50 871
482 630
883 461
756 246
978 459
872 858
210 97
475 335
82 39
433 90
174 431
842 509
771 571
651 209
870 39
873 948
546 489
965 497
418 84
111 591
112 865
704 613
869 149
837 695
340 881
569 681
343 18
608 129
862 794
441 30
930 106
750 347
43 207
769 345
648 534
367 894
644 569
977 222
552 474
601 538
674 214
177 790
878 110
972 983
829 570
406 981
927 649
734 617
368 290
852 427
540 802
192 592
7 735
891 94
503 364
986 838
824 21
734 760
652 827
37 569
874 999
449 208
910 71
87 706
878 315
826 862
991 120
792 674
244 659
645 954
946 427
305 561
575 718
852 833
948 476
416 741
911 906
662 710
612 230
374 308
984 488
378 827
841 417
397 195
843 287
534 457
23 137
121 27
799 504
710 205
438 896
813 716
170 862
611 710
448 852
953 825
715 694
628 765
388 724
413 591
463 277
600 453
486 158
344 643
148 371
175 881
228 545
177 485
659 873
399 418
326 646
224 856
975 287
228 944
436 606
963 319
214 615
250 932
825 446
789 103
519 450
902 462
155 887
638 974
967 748
417 176
826 220
298 853
996 268
667 303
272 533
363 889
949 146
521 443
243 499
741 80
65 535
228 101
863 121
877 656
860 610
575 217
777 146
734 288
397 577
768 379
754 44
954 602
294 203
173 922
486 505
394 565
790 875
701 388
316 998
725 270
674 988
146 101
256 685
837 740
973 624
708 739
985 98
753 974
471 775
810 159
938 872
688 895
672 84
781 270
897 183
804 625
877 357
795 131
19 495
682 341
184 582
253 720
344 180
827 545
619 967
98 511
637 842
321 644
253 577
566 914
435 396
455 561
120 778
317 944
619 208
458 118
714 36
550 646
753 522
333 32
434 767
733 505
224 151
427 522
745 539
672 911
432 484
654 531
523 970
666 668
371 217
606 667
935 579
724 962
287 844
589 508
736 16
167 898
594 82
996 450
48 50
410 697
46 992
582 563
234 325
56 541
254 896
3 810
703 709
264 618
708 109
603 337
896 127
163 592
609 736
349 805
522 233
637 200
677 843
411 747
85 496
786 362
181 909
155 750
782 441
700 770
148 977
485 616
180 250
919 593
669 906
573 183
284 168
716 107
815 273
296 245
792 666
868 397
285 675
126 531
647 352
236 87
917 850
754 532
903 867
870 658
946 194
395 584
397 186
491 35
792 952
301 286
614 472
74 104
374 751
269 849
588 625
737 937
495 905
187 456
150 60
776 635
620 802
748 367
328 354
840 613
957 533
984 621
414 368
325 347
220 39
295 567
617 717
319 445
339 467
270 851
73 259
20 894
607 730
276 480
495 220
245 517
245 950
104 822
43 341
158 166
803 303
574 622
301 122
464 61
877 711
510 740
167 61
63 124
673 152
216 605
551 155
591 682
131 736
893 430
761 209
368 263
664 514
272 606
189 295
319 676
514 958
15 159
18 209
401 223
75 384
866 397
830 48
963 593
436 503
700 516
973 568
579 897
196 827
947 997
829 473
939 633
652 630
869 968
985 203
402 485
313 838
776 170
635 263
572 300
169 184
316 466
407 773
871 288
54 973
912 169
253 521
878 856
19 773
576 198
285 919
690 114
838 186
885 245
47 827
796 586
253 875
606 817
974 821
318 598
693 851
464 577
434 534
182 216
284 872
174 428
470 583
426 585
665 35
480 279
708 391
33 665
395 286
615 195
342 934
699 204
918 816
816 96
803 378
109 134
12 748
397 462
304 864
901 314
495 327
797 505
712 271
272 318
271 982
151 700
405 668
178 762
677 660
90 30
199 336
868 1
227 155
506 334
547 556
535 907
479 113
372 967
47 861
412 430
704 745
649 109
65 118
752 264
695 898
863 44
633 635
575 376
190 734
47 179
766 825
770 602
517 319
408 775
689 650
842 700
415 716
252 994
739 496
670 870
667 994
714 190
201 961
681 79
956 87
459 521
888 645
300 531
317 939
636 719
729 347
412 897
932 216
291 208
831 938
481 162
476 469
511 375
620 219
733 404
865 4
280 654
24 120
944 661
762 388
358 123
879 559
680 175
318 981
942 243
103 269
434 570
145 949
419 338
72 319
131 614
816 302
43 816
903 655
751 470
21 91
423 283
177 373
140 639
380 852
966 951
901 636
349 943
868 737
943 254
10 95
375 979
397 781
399 323
684 19
211 931
323 189
823 211
962 284
329 905
556 868
133 53
203 817
129 694
212 577
212 190
53 287
401 278
778 668
14 106
142 95
626 450
938 966
80 482
890 319
564 60
786 18
643 423
481 258
189 49
925 637
620 379
182 826
164 273
60 194
478 177
303 942
895 768
952 948
862 91
187 705
558 944
727 971
709 716
231 184
123 531
162 897
628 572
810 720
563 981
420 424
352 494
942 45
124 834
965 116
541 832
328 327
880 916
836 999
874 190
590 658
976 738
6 963
708 313
390 741
806 922
823 24
491 531
384 247
239 337
47 972
98 915
734 933
153 204
129 165
662 265
940 107
318 723
360 357
603 291
654 989
931 376
971 775
630 714
208 297
725 892
817 760
690 977
267 864
896 112
401 694
555 469
585 158
137 332
155 640
643 950
627 455
154 950
206 710
617 189
379 158
198 694
859 232
474 134
61 614
152 702
929 986
983 267
34 702
473 454
792 394
21 932
354 323
397 757
97 675
208 772
856 688
235 733
382 668
553 752
237 391
40 989
574 30
265 684
142 170
770 659
166 284
429 690
757 914
443 726
853 431
47 472
909 461
416 558
109 623
95 428
11 571
362 285
236 374
24 958
597 795
535 524
508 662
490 505
953 775
240 704
331 667
135 811
357 919
103 119
692 688
969 109
185 734
239 407
165 528
629 27
206 324
832 819
286 316
163 51
220 32
148 325
756 146
720 700
850 171
23 519
524 40
440 635
737 251
367 416
153 410
278 466
956 795
72 70
439 996
651 4
285 286
305 448
426 340
906 90
524 413
197 707
405 534
464 62
7 838
816 132
525 773
30 509
214 142
335 628
950 306
834 795
194 250
527 300
552 780
649 406
156 162
912 960
12 958
826 614
39 343
42 73
207 785
498 951
947 710
492 153
517 56
981 939
469 135
363 396
751 529
217 266
818 760
288 295
611 51
304 717
965 520
215 84
244 607
615 632
819 79
772 793
175 280
201 949
398 761
370 804
885 67
528 346
182 447
610 442
433 482
886 343
743 250
323 759
984 731
70 352
844 895
192 510
12 169
328 238
720 784
681 558
521 961
3 566
685 206
814 786
352 670
281 297
491 925
907 45
968 45
107 523
793 134
104 787
858 420
474 429
187 754
242 897
133 830
945 732
690 928
877 537
968 779
181 34
328 682
458 889
902 2
392 327
102 620
17 942
109 320
290 378
147 223
371 637
856 987
34 887
602 114
234 862
644 371
878 238
482 308
744 927
906 434
13 924
15 242
591 943
960 599
230 777
431 98
938 882
341 337
108 60
329 441
420 832
576 918
39 558
44 852
226 19
409 497
616 503
264 300
952 921
592 384
795 37
688 947
639 362
571 538
320 715
783 701
75 632
600 173
623 158
138 980
983 766
344 615
111 547
496 610
775 658
202 300
262 483
245 297
984 695
107 312
144 462
968 539
386 263
121 484
399 575
898 362
257 18
258 717
210 717
340 945
720 651
189 968
997 881
422 598
6 145
688 120
617 934
707 374
518 252
686 582
168 943
298 994
946 950
600 946
806 394
882 228
206 538
821 71
146 321
518 425
742 317
136 247
930 449
968 660
900 249
613 886
322 305
144 561
731 663
660 665
423 525
523 675
908 691
69 633
70 706
458 160
131 346
739 49
888 853
961 31
283 55
268 673
970 696
880 457
188 392
465 789
361 964
549 897
183 647
684 872
581 496
654 12
255 49
809 253
221 551
204 753
79 967
250 403
736 470
294 957
810 721
225 87
307 24
583 452
200 872
201 222
613 721
244 36
137 806
549 453
843 788
628 322
223 942
386 491
116 30
524 5
358 503
253 131
33 719
614 132
780 878
230 189
414 476
680 426
276 445
828 610
707 883
584 198
400 634
38 723
99 592
491 260
252 18
812 841
160 267
450 13
712 328
384 675
632 543
998 754
747 958
252 496
75 265
717 858
241 97
151 596
797 194
342 225
916 688
673 333
450 862
571 902
660 701
455 467
826 677
310 140
820 443
70 814
769 835
621 177
550 119
255 503
311 417
919 166
300 694
628 677
778 866
249 170
287 456
36 840
448 107
942 364
528 736
361 561
823 443
53 935
41 871
596 247
46 16
262 4
527 579
785 352
549 923
678 501
575 887
45 936
763 767
667 109
584 66
883 498
455 821
115 924
562 381
519 368
236 932
150 284
707 561
984 542
328 640
976 606
423 333
196 89
435 983
846 55
298 521
907 401
175 921
617 516
737 452
332 792
523 161
907 494
301 531
17 816
971 691
573 935
824 806
834 745
800 569
104 982
217 665
350 607
223 471
481 796
172 919
857 425
216 607
218 245
915 201
60 720
422 459
134 479
446 477
71 439
584 702
12 959
803 924
529 29
246 318
356 298
929 854
325 677
696 71
659 61
94 354
868 333
817 953
290 795
41 391
443 535
133 447
504 551
622 311
565 348
338 290
877 154
917 771
521 371
922 683
243 918
818 840
951 548
183 606
910 722
134 707
500 232
504 773
800 306
821 61
841 394
821 740
435 345
827 619
847 356
106 1000
333 728
662 795
352 312
760 421
541 662
301 401
28 591
909 210
987 662
373 321
236 746
232 685
575 226
486 102
732 842
913 672
314 991
870 844
549 413
110 701
793 849
55 68
537 509
598 954
33 801
401 962
509 33
438 487
314 49
142 599
412 888
401 851
517 677
220 299
168 662
315 729
618 402
780 901
530 816
547 914
859 900
882 287
898 51
370 203
743 950
523 109
318 379
229 132
676 581
994 788
96 583
423 36
63 13
780 747
768 227
213 499
497 165
915 229
644 493
144 304
260 470
136 220
954 564
846 638
890 438
137 246
229 600
524 118
620 425
640 715
90 318
851 926
829 281
647 904
895 520
146 143
312 731
596 619
354 106
804 600
591 558
787 874
407 69
749 324
935 940
938 661
282 537
999 828
377 21
287 384
184 755
974 714
546 905
539 59
672 664
685 197
605 310
400 955
297 796
81 762
801 981
107 426
880 874
475 398
457 143
439 107
542 680
373 483
410 287
398 179
177 56
606 787
867 709
709 42
505 516
966 651
832 747
686 250
689 54
139 85
983 844
551 648
541 321
604 400
142 211
3 590
557 136
560 180
9 434
449 555
425 90
347 180
384 954
579 481
450 183
750 378
110 149
480 898
47 684
553 371
551 204
129 539
683 476
721 161
389 89
88 546
930 367
487 962
759 286
176 207
215 190
984 172
865 815
717 774
846 602
406 615
78 704
100 792
764 487
436 759
986 857
968 740
273 978
716 66
493 823
95 7
467 484
145 152
679 479
238 629
899 837
105 936
265 519
784 625
312 617
277 729
869 782
528 630
726 649
977 499
221 335
439 312
830 955
689 517
156 734
198 65
805 231
292 14
188 239
425 747
452 820
291 206
753 527
58 975
738 189
286 140
987 908
966 469
969 119
954 389
681 331
577 618
914 378
619 499
548 61
849 618
410 482
966 759
736 164
438 60
896 92
741 701
816 204
873 269
637 380
943 685
675 3
736 44
129 187
223 847
205 496
388 656
667 679
337 56
507 294
898 401
860 482
157 254
802 245
898 512
39 254
686 611
109 374
254 609
800 568
241 262
703 932
742 906
47 576
680 963
67 158
824 259
272 986
575 254
703 53
579 410
604 606
860 752
865 986
699 690
701 947
332 441
117 957
562 794
122 997
860 436
506 388
52 8
829 720
226 775
578 464
728 509
433 679
144 542
40 991
994 256
959 962
563 301
302 451
251 297
145 132
643 389
751 620
809 941
170 721
247 989
654 7
144 828
538 375
89 539
10 925
151 694
726 661
72 686
827 590
886 271
61 266
461 597
177 703
529 201
657 412
754 836
741 221
465 675
134 261
274 984
476 37
150 162
870 221
447 612
927 430
984 624
694 431
322 125
54 782
387 957
906 663
12 993
819 606
125 507
966 723
823 126
935 608
617 835
907 3
86 526
768 843
309 357
59 834
86 633
290 114
325 443
920 37
613 376
480 620
817 355
711 799
789 781
663 804
537 323
337 966
798 85
836 296
955 618
795 753
119 257
925 78
375 187
323 260
736 275
60 721
702 256
65 845
935 167
414 636
700 801
848 244
649 485
688 589
892 229
949 282
623 375
570 609
496 222
702 98
925 257
579 841
565 298
606 478
643 592
950 892
701 314
706 400
818 758
909 269
740 490
736 851
40 842
392 888
62 511
360 731
696 324
363 172
735 924
41 160
813 962
250 113
729 211
252 840
370 979
652 343
157 943
305 836
326 210
883 691
918 502
645 582
867 458
887 535
114 972
177 130
732 980
718 611
426 867
960 346
984 733
444 747
72 823
236 634
865 110
119 899
858 785
197 865
395 160
515 260
699 483
537 508
171 586
305 299
926 718
604 444
567 40
492 902
715 893
827 391
297 932
615 284
676 864
560 629
42 580
629 896
422 962
807 351
374 12
538 752
671 46
565 729
399 153
205 154
851 728
599 78
749 464
489 639
966 606
55 952
702 429
632 489
483 153
543 647
378 417
19 27
55 809
762 523
212 552
565 108
226 860
282 730
748 953
160 50
696 100
569 218
753 85
259 294
700 657
543 842
105 858
880 336
238 606
611 448
593 573
188 375
743 711
932 156
606 325
143 713
867 187
444 88
149 63
402 452
577 498
207 299
135 574
389 730
835 806
469 620
644 832
867 409
425 654
586 499
839 190
29 851
865 168
738 150
738 776
222 910
408 454
836 910
495 644
732 815
35 169
914 732
457 799
441 386
850 222
372 174
4 113
112 675
300 630
524 242
849 925
24 436
25 157
817 201
945 796
486 508
480 562
12 660
101 27
746 192
512 264
931 302
589 310
924 573
154 733
712 223
76 350
258 783
243 503
726 480
86 899
760 570
214 39
489 996
965 810
661 492
133 67
483 2
52 53
750 196
132 141
5 409
777 112
541 247
247 218
203 16
796 43
599 406
178 846
285 554
851 658
132 411
443 606
585 665
18 638
937 20
300 716
501 676
853 392
891 717
912 470
678 237
644 917
781 818
207 271
619 155
28 402
549 16
633 999
905 720
853 746
126 292
128 643
747 570
504 7
822 538
754 944
791 277
870 822
407 556
980 338
144 424
738 412
225 311
957 638
941 25
728 666
250 738
586 856
237 764
788 764
607 738
77 339
991 835
6 849
224 540
524 150
417 374
484 314
258 156
123 79
402 629
143 992
564 697
501 560
141 900
129 836
60 1000
635 20
261 335
47 722
233 792
418 378
807 244
609 597
85 508
232 64
105 470
128 267
78 515
26 676
877 769
588 372
535 863
627 742
789 571
602 40
341 68
566 391
492 176
916 690
169 851
467 530
393 411
527 137
105 786
179 55
933 226
563 349
565 503
14 359
507 627
805 440
366 554
4 345
122 422
675 900
912 306
385 121
58 910
809 78
939 831
732 578
573 174
740 929
192 247
780 456
265 877
724 916
92 696
244 139
151 361
597 649
671 886
732 864
568 897
496 940
693 891
628 416
849 597
47 218
301 222
129 21
918 791
909 545
607 825
584 149
177 289
159 337
396 517
953 448
76 561
183 335
901 544
128 90
388 516
650 499
407 199
508 59
702 551
977 100
171 45
997 105
360 98
986 474
973 240
761 986
517 295
427 212
265 49
674 207
802 504
713 691
960 928
123 178
340 17
699 721
204 145
530 19
47 837
587 336
524 277
143 470
200 824
817 959
268 517
244 644
321 949
784 555
123 257
434 236
843 8
256 792
460 600
354 55
95 380
62 591
887 609
178 459
793 734
23 209
192 211
162 786
179 975
612 715
362 293
323 760
583 398
922 156
75 771
729 654
469 907
339 979
63 587
671 904
853 885
345 882
163 161
718 173
632 46
409 737
124 730
57 279
484 251
833 886
190 469
581 812
929 347
712 85
72 500
716 517
267 975
775 252
365 731
673 862
910 925
712 164
287 550
895 149
258 808
674 96
640 48
458 759
670 140
809 552
437 375
494 376
316 616
616 62
149 495
839 380
859 322
843 889
883 235
220 792
793 704
688 285
332 337
249 405
549 648
625 18
297 15
316 829
152 774
143 712
737 553
420 835
765 511
832 259
399 961
725 56
280 530
729 189
616 521
501 9
304 635
486 855
365 714
277 408
351 523
245 20
562 502
102 391
988 444
400 957
218 988
130 74
353 115
102 582
921 286
409 50
671 846
766 328
487 345
179 600
608 870
789 287
14 931
367 263
884 915
651 274
924 823
456 66
336 108
701 867
82 4
880 729
534 444
940 899
614 110
393 704
341 762
534 303
469 772
370 154
600 663
782 374
384 956
617 52
307 548
62 893
683 321
955 548
928 424
522 402
860 639
274 57
575 196
501 663
265 73
199 304
522 462
355 974
318 198
873 909
825 242
41 291
668 328
252 70
247 213
15 211
365 362
113 145
611 366
369 879
26 568
562 598
28 94
162 864
621 57
714 621
127 432
401 52
414 351
511 934
824 23
558 581
279 60
874 742
502 303
175 255
770 941
443 831
562 267
321 671
107 106
114 878
254 163
526 257
618 814
841 209
553 229
661 651
443 29
61 454
404 59
676 229
969 117
440 773
791 276
150 132
559 296
67 550
103 220
201 172
185 567
520 728
461 866
485 816
853 956
694 310
676 987
148 284
3 627
11 52
245 556
672 866
802 785
37 784
811 581
282 917
732 449
381 173
935 348
355 558
212 342
335 716
674 454
472 722
90 769
38 545
332 838
703 849
432 948
437 397
994 986
958 865
323 298
761 942
595 662
890 522
377 949
354 351
322 225
985 423
803 882
95 980
422 140
99 17
800 988
696 29
406 752
852 928
544 465
252 899
88 973
839 106
770 623
517 755
804 658
828 980
706 684
299 782
197 311
681 122
294 519
154 273
689 551
746 528
197 115
972 463
532 967
69 158
288 731
842 158
771 150
629 118
956 138
338 177
669 786
328 359
861 3
681 677
221 228
774 634
775 727
334 445
597 633
289 524
913 586
989 255
167 615
542 625
763 990
286 179
414 388
806 954
225 451
334 95
424 247
201 829
12 487
291 296
303 890
25 852
82 351
813 676
394 35
63 206
430 733
784 411
901 688
501 956
59 549
979 253
161 133
916 19
720 372
836 298
765 412
529 785
132 401
117 893
66 397
722 504
368 685
39 450
595 690
428 699
893 425
18 187
293 371
55 884
369 213
186 901
498 947
811 267
852 597
246 428
610 899
39 689
207 563
687 773
579 900
819 181
364 110
631 936
395 538
59 351
58 816
38 378
574 280
227 655
815 22
732 688
416 590
737 750
679 711
993 324
960 130
5 916
248 269
784 857
948 740
365 886
295 867
701 831
854 372
376 433
469 680
849 662
888 332
542 691
728 821
323 763
305 36
838 206
514 233
277 214
45 26
637 704
984 590
694 393
508 404
93 782
920 502
595 52
113 896
615 137
49 168
15 717
306 729
823 92
516 868
314 60
336 668
813 166
690 691
68 99
732 26
682 739
81 232
870 788
185 310
200 266
509 768
3 873
479 952
82 722
444 941
964 308
821 333
414 813
474 88
590 138
773 490
176 482
142 699
768 230
906 348
484 928
252 452
159 648
364 654
844 128
954 576
43 995
798 849
748 548
341 138
342 189
180 8
915 87
39 361
938 92
631 249
576 449
816 560
494 650
514 927
87 619
750 153
32 484
882 817
548 66
361 771
511 828
113 325
557 920
762 858
246 59
946 421
140 492
602 259
986 610
717 722
10 960
763 380
212 494
602 690
677 164
681 33
222 195
424 22
387 426
501 8
16 320
862 499
166 570
581 425
763 602
537 531
386 225
667 144
232 893
325 508
76 950
228 713
50 773
822 687
571 365
148 394
987 413
935 597
662 247
187 213
944 488
488 820
620 517
745 290
805 661
251 631
590 964
149 258
702 621
315 599
800 104
615 480
86 790
256 359
419 661
683 320
538 581
691 845
211 791
747 825
786 587
277 645
95 733
902 893
801 14
995 126
395 675
458 926
919 730
167 337
632 630
562 885
912 780
824 72
826 538
276 575
429 699
838 537
506 478
934 504
5 753
383 248
627 554
702 56
557 875
669 849
680 350
804 618
986 983
899 820
477 704
140 400
621 201
415 542
40 772
203 368
22 916
169 416
633 651
45 525
139 712
451 842
362 403
145 447
3 41
814 291
748 99
363 7
606 65
844 590
187 309
294 619
443 943
245 503
563 910
984 377
841 208
469 767
199 554
68 487
305 19
216 814
610 271
408 292
427 512
118 521
792 369
653 274
512 938
31 130
859 517
508 621
434 584
917 717
544 220
664 533
276 347
847 236
872 920
272 386
764 525
395 460
538 397
589 502
976 792
820 702
729 999
314 359
498 456
741 412
107 123
103 611
270 522
367 768
426 268
684 198
712 253
534 554
337 872
405 735
601 596
268 829
925 834
422 50
302 740
468 724
251 204
911 74
273 802
207 681
302 599
321 569
714 575
382 641
937 742
762 803
193 228
670 489
849 772
240 57
832 477
946 365
469 448
397 35
382 611
934 778
972 473
44 792
979 399
463 230
930 933
770 910
114 768
353 216
454 570
571 582
292 45
404 615
405 266
761 180
409 207
133 439
911 158
74 229
171 837
33 804
396 338
969 16
899 381
296 710
614 378
828 316
666 131
920 835
802 963
219 895
291 346
140 967
439 882
704 481
250 887
604 74
146 942
96 337
349 609
668 815
888 237
101 192
836 117
380 921
487 983
522 805
920 40
974 415
426 337
176 360
195 20
234 562
755 236
60 910
497 812
519 145
154 106
251 797
358 979
786 512
971 516
886 689
725 637
47 609
924 173
769 743
535 780
186 531
81 335
225 268
986 250
553 565
700 828
596 893
372 4
657 535
659 65
697 502
19 222
548 957
583 806
985 51
568 5
240 214
847 989
298 506
536 861
804 880
477 776
61 73
977 704
140 344
463 250
501 51
253 658
435 349
476 375
519 877
499 526
10 783
743 275
856 205
303 722
128 734
349 16
334 764
283 654
413 755
890 275
217 64
862 310
480 80
297 638
156 83
802 517
680 185
81 956
652 7
840 319
325 313
241 822
334 9
481 177
67 654
174 438
417 323
346 475
366 926
276 386
27 195
489 433
716 944
741 323
228 874
395 357
715 789
384 978
662 421
924 724
997 58
263 426
477 708
397 461
276 855
243 284
25 593
212 853
319 915
765 447
233 726
324 571
878 134
246 636
394 393
566 291
470 116
156 165
492 468
554 363
989 936
598 212
136 192
302 685
584 734
329 753
483 120
621 450
235 523
751 707
221 980
696 348
298 335
563 505
191 536
838 589
472 118
116 880
772 847
518 627
654 83
380 896
930 779
326 384
844 325
994 438
111 674
762 970
670 729
641 801
126 557
308 570
240 976
408 700
540 253
762 61
635 313
804 314
473 622
435 550
952 764
370 837
25 294
154 66
616 809
202 889
344 182
550 748
148 548
594 948
741 931
153 138
851 95
304 298
343 651
932 420
383 666
119 864
799 148
231 854
983 457
320 74
42 773
538 910
956 401
120 177
999 333
533 413
551 644
143 137
962 709
7 484
881 915
642 787
916 246
457 719
65 718
617 937
319 209
901 759
543 326
855 80
548 552
685 753
764 174
547 656
128 290
60 805
152 680
940 449
216 539
313 128
933 536
331 609
995 339
99 358
562 882
284 44
222 44
882 963
276 568
501 439
85 168
288 134
53 394
26 518
482 68
835 600
48 774
433 520
622 827
282 991
840 989
378 900
623 654
75 172
739 389
580 903
597 47
299 804
799 679
213 822
567 651
420 240
439 308
300 606
231 182
378 870
719 365
477 18
900 595
109 497
407 843
487 409
14 603
988 386
273 419
387 679
631 550
889 195
586 554
12 8
692 730
508 767
662 950
477 308
478 759
158 753
505 699
968 317
93 964
881 306
428 111
547 227
800 743
806 924
680 256
590 775
168 564
928 778
672 868
533 173
68 118
315 660
523 796
800 807
958 517
462 340
17 847
841 589
146 621
916 121
564 555
466 762
621 582
656 598
803 649
753 470
642 537
94 734
954 807
633 408
385 608
156 293
709 743
858 187
142 880
777 183
760 601
579 255
962 237
752 537
310 725
21 942
795 567
338 950
445 882
530 312
930 510
801 168
458 495
386 576
305 131
209 599
283 200
602 422
285 922
901 812
342 853
27 207
484 558
261 653
490 559
436 393
330 948
632 261
868 436
355 347
818 673
675 824
801 597
993 254
244 577
300 691
611 699
925 972
359 400
17 215
861 974
348 679
331 435
649 538
598 471
89 709
515 993
183 791
315 135
702 162
582 59
838 81
237 404
495 918
153 209
875 988
982 848
382 60
455 816
704 196
66 803
689 144
317 719
466 11
474 526
664 626
477 393
372 225
746 978
909 540
34 310
239 371
793 3
116 238
776 815
944 433
608 14
629 936
189 779
940 69
797 716
708 57
547 842
696 528
90 227
280 979
897 271
493 294
755 239
719 584
96 373
929 158
22 563
509 604
4 710
556 923
5 171
208 41
651 873
212 929
750 417
705 115
996 741
683 24
427 955
394 613
42 616
967 504
77 666
170 12
726 9
764 436
161 711
227 66
718 44
971 67
458 146
421 110
249 367
766 772
503 422
195 881
415 576
571 790
623 593
493 438
857 921
914 304
843 154
93 471
679 624
79 868
723 195
88 201
17 179
473 529
438 525
331 607
227 542
545 741
947 313
744 534
917 593
466 461
912 63
328 310
336 468
991 593
560 577
7 318
213 689
71 695
310 277
888 445
836 385
177 96
978 610
383 109
314 75
906 695
694 318
736 96
98 853
85 893
893 918
864 132
354 878
680 242
393 826
860 368
111 62
646 991
632 271
542 156
507 293
364 369
608 264
55 519
702 454
619 645
298 776
907 670
964 325
640 51
969 256
419 840
186 581
54 610
584 368
837 866
660 941
419 985
812 672
406 604
69 766
341 121
479 399
541 128
834 138
268 548
62 669
570 752
995 101
320 187
416 654
18 514
681 150
476 566
369 930
26 453
465 803
430 419
396 215
469 391
878 541
348 760
429 793
349 194
259 230
465 973
942 425
357 759
783 699
165 752
847 500
505 301
823 367
700 218
611 529
157 721
528 459
289 601
767 146
690 45
305 135
922 255
816 342
120 67
62 938
866 528
580 262
267 159
486 353
107 604
318 49
663 455
884 188
647 240
67 506
289 624
603 732
695 228
850 911
834 520
229 82
989 917
930 23
186 263
261 343
409 540
821 431
860 459
295 56
133 941
371 686
372 669
393 48
695 571
845 490
902 883
642 159
618 548
123 142
894 905
863 730
792 377
742 717
393 274
839 349
824 74
476 837
868 179
9 962
526 857
468 801
584 586
293 410
425 18
355 209
672 253
467 491
443 594
632 965
134 853
140 402
126 948
143 553
347 898
973 842
960 343
559 241
237 238
508 939
35 525
522 331
917 951
990 23
922 799
316 34
173 487
376 269
608 584
572 211
8 114
519 948
259 194
353 35
45 813
770 202
793 667
944 729
118 668
602 857
36 135
936 141
408 294
745 515
687 480
325 367
168 422
577 542
266 799
504 510
432 107
196 476
237 760
456 97
521 771
850 81
710 749
91 351
441 380
629 979
428 142
91 460
932 526
647 101
875 678
319 244
269 139
587 876
721 998
670 41
859 112
199 499
39 74
8 742
890 678
906 131
798 909
35 744
270 298
643 972
989 894
829 521
668 393
355 926
6 287
584 648
603 228
591 847
617 448
393 270
678 833
223 665
844 89
791 546
647 958
127 285
680 613
843 915
865 703
810 232
334 810
943 468
506 99
344 122
967 50
790 617
94 170
411 220
143 525
592 447
246 783
597 962
834 404
467 229
862 62
252 977
22 801
443 860
374 372
122 277
221 479
828 105
945 259
785 346
897 672
830 698
448 916
888 517
586 134
783 864
418 756
550 565
935 825
311 507
615 775
785 388
861 433
992 64
560 900
836 849
656 503
395 413
487 755
881 888
275 579
113 669
295 444
68 10
894 442
842 593
515 461
755 976
719 821
393 928
918 720
910 794
712 61
305 505
310 842
771 740
993 564
647 73
246 884
346 150
682 556
574 534
139 577
727 108
713 550
806 581
316 721
885 992
9 333
32 280
768 9
315 895
671 727
419 909
702 148
960 979
189 319
997 472
949 357
611 346
919 397
167 488
904 186
543 861
178 899
485 773
109 153
311 765
539 390
152 814
967 22
348 614
916 944
41 26
481 323
255 401
938 699
148 699
460 683
869 833
193 480
140 297
359 439
416 577
183 709
511 200
117 65
500 383
375 129
266 659
139 611
766 630
490 437
453 79
348 827
889 9
818 55
417 651
934 609
814 59
763 657
13 360
440 960
206 171
742 297
46 272
709 48
125 297
861 405
22 265
560 928
854 838
304 110
548 193
372 373
68 609
584 181
12 390
968 84
510 479
870 431
963 219
822 2
860 369
864 884
591 451
227 189
155 787
447 91
910 609
388 750
52 393
314 396
6 462
228 74
584 482
752 836
493 154
403 78
556 888
797 98
122 580
433 951
68 546
588 297
974 768
973 353
649 443
355 982
268 967
485 583
949 456
475 593
459 116
207 754
812 560
26 544
189 180
857 218
711 211
471 890
654 81
678 107
455 294
402 430
259 459
957 32
308 364
673 420
913 58
911 723
493 512
938 671
353 149
562 355
503 683
472 261
787 590
573 97
301 350
309 650
770 231
623 955
942 999
158 520
334 329
318 882
500 113
575 309
988 222
268 562
594 837
315 428
101 467
192 465
90 612
76 663
650 706
781 438
759 893
642 153
230 132
570 746
366 952
996 471
723 377
746 186
949 602
215 173
42 957
272 583
707 813
254 782
586 658
504 40
974 400
94 849
76 452
538 721
366 836
9 261
302 898
466 532
983 25
556 973
236 48
959 16
980 989
216 622
694 839
655 311
906 383
393 128
13 727
204 70
764 398
584 764
289 448
992 723
477 571
223 203
251 146
17 318
9 850
303 628
895 554
650 271
971 10
311 549
886 187
191 655
263 257
930 813
679 426
299 806
127 146
4 497
946 166
681 892
128 745
678 369
865 350
266 683
840 524
123 920
306 344
148 846
24 985
991 539
24 840
229 77
166 775
978 505
707 717
690 389
321 711
582 255
819 731
966 350
235 480
435 802
954 382
314 913
131 573
135 704
241 447
708 289
462 656
372 318
746 15
374 836
770 271
261 424
135 387
376 936
784 511
215 177
271 707
440 325
93 533
646 789
869 212
409 590
263 351
440 308
242 960
423 21
9 289
450 149
548 590
73 938
321 474
534 553
834 783
265 24
564 420
604 933
882 3
510 832
101 891
375 66
363 835
363 634
824 248
36 973
803 886
806 139
75 415
94 393
405 603
332 262
208 992
498 538
433 729
251 190
169 542
470 30
79 620
902 521
501 314
998 934
179 58
198 362
932 807
701 129
498 764
227 262
857 899
517 596
670 791
505 25
303 842
469 446
364 292
351 574
692 528
597 946
49 708
162 551
306 237
74 145
426 998
984 344
638 445
348 967
738 347
390 740
743 206
230 487
177 233
792 316
755 516
519 718
595 28
537 692
176 958
361 118
289 753
436 576
805 729
79 484
444 679
486 302
180 589
492 815
272 624
516 787
232 372
450 471
414 170
509 888
93 633
405 941
48 422
51 841
550 557
567 273
399 131
94 809
648 661
794 959
159 125
138 187
964 355
943 286
272 941
114 42
497 178
981 798
243 434
189 461
389 155
172 541
66 56
612 19
373 513
941 879
321 110
963 715
968 723
825 302
130 908
757 683
842 443
263 916
506 21
809 866
403 753
268 657
160 266
239 910
644 52
39 514
105 689
122 84
286 821
30 835
74 467
956 981
739 479
923 4
134 941
502 363
378 813
417 939
572 293
738 29
919 48
525 217
231 248
934 535
187 382
334 707
705 509
524 791
743 157
983 722
48 890
931 879
469 692
934 614
629 86
442 288
903 493
561 286
580 526
600 324
512 998
675 274
549 309
110 725
439 141
386 315
137 871
248 94
556 422
538 937
940 773
177 503
361 82
306 725
220 435
81 851
444 843
138 490
909 655
124 852
409 661
727 301
966 979
418 221
104 663
685 889
9 488
449 753
394 338
124 437
566 4
197 687
739 752
920 950
295 22
613 23
446 134
217 766
769 343
448 484
929 41
431 883
150 599
661 466
501 559
628 353
614 855
677 509
682 69
406 717
703 297
84 479
946 462
35 821
970 472
751 573
791 730
448 62
959 512
728 298
784 524
532 566
255 331
45 549
123 628
715 501
933 54
240 979
187 700
739 435
970 159
819 435
16 324
89 658
572 201
979 313
726 582
895 785
309 882
662 830
866 861
154 65
980 213
728 870
69 82
493 359
791 271
889 293
157 687
115 739
586 223
386 287
885 321
83 187
714 379
1 252
789 139
665 149
404 239
595 212
11 7
90 532
397 37
480 716
584 388
898 388
827 278
262 39
746 202
253 330
38 574
132 501
868 889
560 58
157 107
766 555
205 184
833 631
85 482
341 840
761 917
902 881
6 314
119 199
824 221
661 502
954 608
705 686
656 939
407 418
216 397
677 512
256 520
973 405
354 295
942 924
100 775
194 476
694 529
716 121
293 408
241 221
375 268
346 562
321 354
848 976
387 236
418 601
835 746
674 692
977 225
36 717
152 927
890 38
363 106
98 501
411 272
589 989
952 556
348 845
848 653
923 381
248 184
468 453
658 533
54 650
440 778
554 706
261 110
7 256
841 54
182 238
310 467
93 961
331 980
927 64
346 495
241 755
633 293
798 311
267 189
234 312
932 697
367 4
543 1
121 746
712 3
733 947
534 716
620 768
663 936
319 246
466 614
655 616
238 386
955 470
502 567
410 929
153 112
55 585
169 554
521 477
316 719
43 1
873 818
802 494
161 478
788 173
711 487
802 321
660 814
894 939
670 344
967 782
695 831
75 414
921 978
403 359
537 369
866 701
853 227
229 665
713 258
808 572
592 147
403 724
957 133
464 550
599 432
556 466
696 145
851 957
258 269
459 797
467 624
624 915
202 201
386 784
539 218
729 248
677 120
504 673
356 961
654 296
107 77
895 188
971 128
37 362
596 255
409 211
192 205
619 182
68 432
144 96
823 288
184 801
745 620
184 388
818 224
608 692
145 586
35 103
684 648
228 540
54 900
840 150
803 106
650 746
267 147
42 984
918 809
189 919
315 324
707 966
656 376
936 536
120 347
284 214
15 700
785 821
436 871
627 140
355 625
889 649
437 917
431 940
659 393
290 508
976 771
538 534
6 480
542 54
891 496
833 954
53 11
90 883
474 240
755 353
977 239
796 92
801 89
566 347
952 475
901 312
310 517
193 177
151 515
133 116
825 683
722 8
68 607
311 985
789 601
721 371
543 974
252 643
454 963
311 846
834 165
636 249
138 764
692 59
218 398
597 130
49 948
69 569
51 34
142 84
24 43
152 863
624 959
576 818
95 378
524 630
961 840
840 871
717 665
973 993
244 983
151 421
245 58
840 758
127 58
779 597
816 988
72 943
555 938
420 489
205 621
477 200
979 122
374 624
603 934
305 95
412 853
738 495
41 613
560 979
669 411
64 642
547 303
774 265
755 656
148 354
441 472
900 817
225 369
334 13
409 890
263 115
505 993
896 356
716 861
438 511
186 12
849 452
129 939
447 359
656 356
116 722
223 652
963 221
780 957
557 363
141 885
608 156
893 152
416 487
881 725
826 190
129 902
294 504
591 626
918 646
834 709
820 912
198 868
513 824
842 886
425 392
25 710
375 148
616 680
237 147
637 770
242 42
578 369
748 545
50 59
264 104
651 628
156 14
393 324
986 845
532 465
403 671
753 411
338 780
6 756
138 656
92 803
697 647
290 823
994 451
867 83
596 627
139 850
849 882
273 8
883 969
610 787
302 789
596 482
998 534
124 781
749 316
914 275
404 709
279 135
639 285
161 812
908 173
230 322
785 151
808 48
993 468
666 434
245 399
339 198
845 385
140 45
514 254
372 6
852 264
999 107
802 549
291 56
679 68
757 405
82 111
102 106
875 822
313 315
223 962
866 559
797 623
410 569
250 824
141 695
805 656
718 147
231 952
903 7
324 470
306 841
626 594
185 872
183 397
210 493
346 840
824 529
533 119
735 470
598 428
263 394
165 538
988 691
882 138
739 751
115 265
816 868
673 237
309 233
283 155
725 561
172 599
319 768
392 865
626 22
934 295
111 418
905 35
411 806
948 71
914 710
463 634
726 52
701 408
259 765
296 373
646 405
425 23
407 131
998 952
565 363
839 124
342 956
517 392
505 146
360 651
596 262
889 372
523 952
197 349
235 934
986 754
114 793
936 988
782 774
396 69
713 942
408 523
174 54
726 611
766 652
879 887
754 856
520 992
779 669
379 913
73 50
99 727
554 707
405 467
64 347
727 656
623 466
749 868
383 698
404 797
63 568
323 839
31 30
125 495
384 193
245 566
963 530
396 536
257 486
175 776
361 186
788 473
556 141
594 472
621 945
124 399
531 569
841 625
989 601
683 274
96 424
629 754
854 729
251 884
747 651
215 913
825 965
111 224
574 712
117 867
47 584
470 65
588 284
626 357
366 406
481 888
479 157
729 948
872 119
753 308
551 121
313 379
955 804
209 570
691 586
54 1
345 10
717 802
62 233
123 397
89 13
342 873
643 636
950 872
666 903
284 545
298 259
317 37
579 942
618 840
359 686
729 84
806 107
100 538
878 617
523 932
307 273
236 473
588 646
239 842
619 792
766 601
571 605
878 843
991 744
116 310
965 973
606 945
628 649
610 428
634 294
823 336
645 780
704 216
577 590
121 314
28 770
984 632
606 723
789 337
976 696
573 506
33 464
300 130
841 930
859 44
510 343
763 488
82 454
708 406
286 196
56 597
509 901
861 336
347 240
814 734
418 849
920 45
24 98
704 644
671 320
66 597
488 47
324 701
589 247
366 80
403 198
901 715
194 833
765 406
712 286
803 681
608 479
293 539
833 574
318 422
91 903
655 877
217 785
389 153
82 925
601 955
195 710
470 476
539 637
651 587
564 216
602 23
910 452
324 881
879 150
91 518
937 298
576 742
756 796
668 142
601 853
263 918
198 862
700 543
117 699
942 580
320 339
943 501
839 68
770 589
503 825
374 437
377 407
568 360
564 424
218 673
330 39
813 570
687 97
653 913
620 452
549 64
911 617
291 848
808 198
292 511
478 262
45 737
373 244
466 310
283 276
880 232
623 928
768 566
602 877
676 212
111 529
718 619
476 146
10 618
984 677
494 355
20 711
793 961
520 519
872 838
799 191
324 221
993 794
461 804
177 501
363 641
751 455
453 384
384 137
516 866
665 40
634 911
449 981
985 779
381 728
676 872
54 12
185 851
93 554
315 720
524 292
72 507
290 430
589 266
777 896
372 534
48 324
929 205
566 26
548 561
72 330
751 10
664 14
204 383
441 923
560 495
125 987
879 182
132 371
151 689
29 21
705 657
825 110
225 446
989 931
773 246
282 691
138 959
338 48
668 355
834 23
765 525
15 196
383 978
296 410
118 345
374 247
268 544
674 575
821 956
517 403
155 126
799 825
411 232
965 577
596 483
463 820
804 720
572 340
221 354
594 764
494 814
995 839
653 949
729 311
641 853
677 63
295 940
22 236
387 289
979 315
563 952
533 720
876 618
538 326
791 152
724 109
609 187
883 516
774 693
426 847
742 418
482 707
896 547
404 890
166 873
724 835
482 690
634 560
969 952
310 23
8 769
478 969
229 461
772 835
148 101
59 642
937 154
712 120
220 695
775 217
66 301
51 643
267 974
106 672
713 530
399 197
129 993
665 727
993 738
668 562
617 206
156 478
708 787
14 471
640 19
751 927
590 283
464 399
655 165
180 123
271 172
294 199
756 950
522 938
669 9
265 451
138 595
530 465
240 767
863 343
131 422
294 86
8 443
155 316
853 205
14 113
968 749
616 319
194 333
947 953
360 637
364 29
902 691
27 151
249 299
333 104
605 734
53 695
75 163
296 148
888 974
83 684
959 695
563 246
464 883
899 216
351 967
672 334
356 815
430 50
718 986
369 684
365 594
88 308
608 571
684 213
420 467
573 243
791 188
499 378
62 872
357 632
672 556
387 432
317 979
882 259
22 490
136 889
108 773
909 866
803 295
436 828
180 965
785 557
291 420
497 591
685 12
957 999
320 82
722 19
150 616
55 677
974 389
10 102
780 582
930 55
881 515
219 420
772 950
955 488
663 795
225 779
781 896
