1000 9894
467 72
12 687
6 405
467 847
432 570
590 375
146 411
899 747
113 84
958 74
514 942
17 654
327 105
973 439
482 498
484 580
123 396
861 694
218 424
131 275
981 13
375 274
360 601
588 929
990 981
331 556
133 466
969 734
696 258
209 901
359 399
531 432
454 417
516 164
75 988
41 220
153 954
619 795
47 338
505 399
110 994
643 59
404 621
214 13
984 347
439 53
645 762
905 837
213 664
41 527
79 195
482 651
600 282
182 200
862 638
846 355
629 145
181 384
864 14
439 840
423 327
23 649
567 811
23 766
451 23
141 847
589 357
664 132
186 328
873 242
30 89
181 211
272 785
591 408
9 322
30 488
308 202
695 462
699 523
99 711
171 178
657 751
105 442
860 574
809 564
773 145
959 186
787 59
599 131
912 827
697 399
56 1
809 581
132 190
462 881
749 191
187 712
821 822
588 231
695 797
511 688
829 716
611 350
725 458
377 692
255 703
594 19
647 815
180 769
305 512
235 835
52 779
112 22
205 695
4 150
460 592
140 342
491 106
123 489
278 717
279 125
616 533
709 760
259 217
140 525
130 463
5 925
300 547
709 231
88 381
453 75
572 151
149 706
442 444
922 962
316 341
748 304
594 970
542 698
724 185
612 179
620 890
55 41
153 33
82 137
118 587
766 423
665 65
550 932
555 842
883 329
538 948
941 89
822 484
183 314
813 73
762 341
565 526
323 943
90 942
863 809
276 127
108 830
642 952
275 321
43 173
837 587
492 556
879 64
767 902
275 430
920 953
890 875
817 535
939 562
399 17
772 541
664 446
756 556
705 598
225 940
835 183
375 150
554 341
418 108
473 11
760 174
877 354
749 81
946 461
151 884
968 838
235 815
853 507
779 917
819 436
396 163
634 799
385 427
828 190
66 737
605 268
182 487
679 881
850 437
944 562
463 506
784 971
586 75
179 563
292 242
884 382
580 621
796 674
871 94
139 353
323 732
430 864
714 279
571 354
292 833
113 752
944 272
230 61
286 355
732 215
935 594
252 829
483 659
543 153
234 195
820 998
71 948
720 646
537 80
314 219
244 280
837 269
280 86
59 557
911 443
109 575
769 406
703 805
464 98
542 253
110 163
950 65
475 866
793 393
812 355
100 93
360 162
161 55
381 596
117 830
9 235
136 589
15 5
807 41
332 399
5 127
162 823
964 580
73 857
578 450
890 464
230 849
428 777
34 624
600 23
277 768
77 558
354 149
411 70
981 422
625 54
153 643
260 865
869 931
925 625
160 309
587 126
623 660
284 381
505 1
658 223
880 83
130 260
331 397
102 456
455 963
126 450
880 162
844 581
974 556
352 267
273 756
64 447
282 106
286 530
480 175
347 391
634 256
118 657
399 838
310 626
735 514
519 593
135 840
49 15
250 632
970 657
684 679
280 869
443 243
634 738
694 328
453 438
475 130
903 212
618 62
980 569
250 858
660 447
680 405
30 211
380 908
238 278
440 329
497 936
295 245
902 423
171 427
279 956
506 982
323 244
911 415
823 675
590 90
688 238
690 852
369 455
962 372
708 880
614 380
150 917
801 35
105 622
640 367
489 975
57 787
132 219
780 38
812 613
291 308
895 660
995 194
504 679
307 196
951 823
991 22
215 629
723 716
49 909
1000 763
895 970
773 880
79 537
706 309
669 703
411 211
784 599
838 286
424 70
28 344
583 238
307 275
736 687
700 458
131 65
995 670
452 643
325 155
241 106
457 19
436 614
615 814
367 725
32 633
487 443
144 99
970 762
880 861
311 201
831 790
631 512
689 825
174 306
379 689
737 134
25 2
318 921
211 299
177 463
362 965
456 130
813 186
345 654
881 972
1 29
475 31
58 45
315 694
867 997
562 615
211 521
86 631
534 751
516 942
186 329
333 38
191 589
634 843
410 785
17 813
931 401
237 906
521 621
725 917
191 41
428 397
827 460
830 368
265 56
492 495
424 599
351 420
262 671
545 81
431 377
494 468
494 662
503 158
128 152
950 987
293 460
648 213
155 487
264 269
807 727
645 136
919 505
387 152
50 322
435 132
588 966
155 5
655 336
201 839
203 305
849 165
214 545
62 628
544 211
799 613
748 19
973 926
175 300
409 172
118 686
447 940
893 620
197 53
514 281
201 50
844 796
979 127
12 206
306 495
913 669
435 753
475 300
663 297
166 835
906 558
136 818
395 47
469 914
720 780
651 382
210 226
33 571
591 168
759 858
763 495
229 471
107 519
458 907
722 216
959 261
889 569
565 702
712 94
622 449
34 54
238 462
756 271
390 147
836 487
162 210
237 878
238 441
185 51
808 955
751 901
882 244
310 629
68 559
660 939
819 507
32 519
963 794
985 374
179 299
713 807
471 531
744 907
947 814
485 723
531 47
270 1
184 322
592 207
792 513
740 351
133 375
872 480
684 971
293 113
424 480
139 855
360 658
456 977
120 542
783 742
905 593
209 972
770 195
498 229
768 82
711 564
26 225
84 927
514 330
255 150
37 303
641 629
490 37
443 41
719 180
830 647
211 389
875 922
141 466
608 895
352 61
98 529
250 724
590 818
58 387
314 105
941 444
615 165
818 393
547 93
529 570
896 323
271 581
189 988
760 904
82 396
513 206
917 164
906 951
935 230
659 597
942 139
399 342
826 238
114 140
958 995
223 144
255 601
990 516
993 736
613 55
469 85
953 82
848 392
261 115
599 213
565 37
142 782
554 310
469 112
711 396
658 280
531 986
398 39
915 123
350 828
933 407
136 114
191 468
873 517
714 515
473 151
94 289
995 54
354 146
890 320
963 532
629 184
995 903
942 642
230 56
855 755
971 233
178 969
424 107
316 73
245 221
106 629
586 315
749 285
456 604
37 225
934 881
574 472
45 662
301 300
110 964
149 648
518 771
98 352
226 301
545 679
415 437
24 990
526 934
101 528
173 131
926 963
729 563
982 847
515 168
535 181
643 6
413 549
404 792
166 907
480 398
244 95
68 141
357 721
314 13
668 940
859 827
185 792
828 630
812 147
724 583
85 831
379 478
968 145
401 784
488 795
258 967
455 388
617 910
615 431
660 158
973 113
629 767
977 118
116 550
690 853
964 372
750 285
972 815
150 827
450 1
358 958
557 532
970 831
281 809
191 234
177 840
218 148
539 658
77 751
43 803
597 392
375 462
657 547
964 697
696 951
824 108
899 634
84 383
834 93
912 767
216 284
643 609
200 917
847 961
723 719
136 509
246 456
853 80
106 695
30 985
551 297
240 49
994 390
596 438
123 748
969 732
382 619
553 413
539 222
26 263
155 169
174 887
620 483
487 212
783 475
941 181
884 536
224 740
266 761
526 379
408 833
801 840
785 195
787 653
202 471
172 407
689 943
273 384
709 437
303 548
966 300
624 339
54 874
712 153
136 791
73 444
310 435
572 834
915 362
314 958
222 735
975 391
380 691
493 312
298 618
305 354
113 601
941 277
290 268
432 875
675 185
470 791
120 462
194 813
695 347
256 136
366 87
85 565
46 805
711 673
843 617
290 363
830 632
593 2
982 626
925 67
964 511
74 905
435 823
221 806
347 407
80 234
85 569
574 439
981 860
360 778
903 551
184 56
26 233
75 446
972 128
912 731
731 555
715 238
327 220
4 1
522 578
460 451
152 820
579 911
982 344
861 521
292 260
627 923
633 730
696 288
36 769
37 40
844 680
364 204
649 942
597 992
445 339
984 27
487 248
53 798
828 148
22 199
407 795
710 208
931 645
783 684
880 235
53 911
370 857
666 346
244 834
26 61
157 853
853 680
469 703
400 986
607 505
261 791
172 374
979 126
728 882
528 486
396 366
958 252
24 645
371 238
372 93
27 522
763 772
913 557
849 655
646 549
663 665
97 322
980 515
971 924
883 248
657 14
33 683
489 441
561 617
424 553
276 121
152 7
25 831
851 391
101 236
160 530
569 698
275 323
137 294
217 592
34 934
384 857
204 378
591 638
833 622
41 512
190 317
787 27
506 638
696 674
164 984
897 413
384 364
976 114
559 706
632 611
373 639
264 925
399 666
817 759
692 453
731 361
56 31
350 833
730 246
681 39
136 87
602 502
985 486
53 446
427 472
132 35
485 803
507 983
382 705
644 134
804 398
187 981
867 87
652 697
688 834
526 102
451 968
503 387
51 2
237 431
645 380
259 49
888 949
763 375
948 419
498 530
918 335
609 120
633 871
135 563
49 694
641 938
880 184
109 554
439 831
714 51
787 709
208 713
633 65
945 333
175 432
951 339
718 586
171 901
923 434
853 573
550 631
348 59
580 510
894 26
71 801
611 756
853 799
694 285
732 64
571 66
555 569
189 987
595 840
600 754
195 182
177 359
766 163
54 239
185 876
854 912
243 162
336 256
355 572
319 217
198 922
313 16
461 184
543 334
128 395
955 574
462 610
191 96
285 251
177 978
329 955
788 150
169 979
721 302
313 712
227 165
941 801
835 290
902 506
421 205
230 855
13 947
125 34
606 498
385 984
170 350
977 614
192 826
688 671
378 29
273 247
541 427
32 770
554 139
386 777
350 494
995 791
728 186
984 120
2 392
250 309
468 236
514 444
210 480
364 333
934 961
60 54
460 888
889 90
687 139
361 721
175 248
1 384
672 559
654 627
838 252
14 978
757 845
6 546
444 443
706 770
983 518
605 48
827 250
828 273
847 247
978 386
525 335
505 556
515 329
383 567
223 802
249 567
106 945
170 536
349 532
335 454
439 274
551 561
879 420
807 395
225 671
335 726
922 534
512 495
876 922
4 603
556 24
869 47
446 240
604 780
308 241
549 28
355 822
617 175
356 197
341 887
699 593
313 270
167 159
498 818
534 229
65 893
427 370
545 75
855 850
531 904
215 755
769 515
169 975
591 852
18 411
262 576
378 351
507 177
863 436
37 275
740 385
982 450
160 117
967 154
4 730
290 776
717 943
631 41
246 457
377 270
654 96
268 747
753 923
133 479
560 333
838 284
640 941
753 884
603 900
779 846
62 606
325 776
53 825
511 221
353 215
705 378
979 157
981 477
984 431
716 717
287 632
754 745
150 92
965 969
291 150
59 146
453 374
600 139
300 239
11 868
151 522
712 759
984 636
180 821
276 256
729 808
676 993
291 325
954 143
976 587
295 437
298 619
462 414
654 792
966 606
642 800
682 757
661 506
64 968
985 860
608 245
57 369
794 534
870 277
855 419
987 107
884 401
66 272
267 523
54 20
324 712
971 575
683 387
88 631
786 904
949 76
154 308
754 20
156 176
303 323
473 44
790 947
493 977
132 204
94 876
27 389
726 1
416 924
180 173
809 731
625 989
332 513
759 75
985 58
288 198
679 266
847 932
739 231
499 842
605 658
307 83
832 306
174 801
469 491
397 126
938 674
210 525
532 894
240 828
334 602
634 100
173 296
780 272
946 104
343 920
35 347
457 13
554 613
314 654
97 246
780 178
525 36
249 947
79 51
651 402
248 245
45 150
876 399
309 570
774 604
975 501
23 968
172 262
432 91
125 290
705 964
951 108
827 34
3 548
885 280
262 275
745 365
564 951
34 338
935 568
978 221
879 367
717 320
186 504
647 21
542 885
341 604
893 31
470 816
771 713
793 257
722 361
9 274
279 998
413 80
920 721
540 981
437 90
129 921
981 541
391 633
91 811
275 32
403 87
649 339
8 677
797 123
113 896
955 755
43 989
929 924
514 696
180 18
199 214
468 789
296 414
504 737
178 862
734 379
860 978
184 307
937 155
222 431
667 302
538 856
52 746
18 966
517 288
791 950
648 416
391 844
691 66
503 672
567 559
590 500
397 243
80 817
745 781
526 304
639 233
54 561
678 479
936 10
884 704
667 874
376 471
382 237
384 476
775 640
999 102
949 701
876 499
399 668
201 189
681 747
810 769
116 8
723 32
727 246
729 759
969 160
44 172
798 477
129 170
993 939
595 843
951 596
855 261
675 227
949 960
626 591
556 166
685 966
262 25
702 811
674 441
927 793
531 544
509 826
312 362
919 921
105 341
432 899
94 747
773 308
133 917
928 419
51 564
983 391
3 67
489 682
186 609
886 758
161 755
377 233
159 854
790 904
561 644
798 699
251 58
490 798
73 347
5 397
958 61
191 986
308 980
377 212
852 919
639 280
424 972
327 167
184 463
203 413
442 831
387 210
61 23
361 805
624 877
786 404
772 199
761 324
463 788
483 363
52 637
774 984
611 198
245 76
66 593
965 835
69 286
417 853
144 235
736 629
164 230
663 28
574 425
157 875
607 419
990 313
918 629
649 711
335 236
805 972
644 504
330 428
757 451
775 740
945 249
709 96
111 698
386 509
595 9
67 672
286 322
489 86
120 747
777 657
813 83
263 182
581 951
124 678
196 107
253 6
589 492
989 434
564 798
871 946
713 464
271 712
457 658
242 872
629 588
833 779
655 630
169 643
261 179
688 225
856 835
564 572
808 998
740 221
959 61
745 525
530 527
323 279
705 531
484 866
748 727
768 343
574 815
298 234
834 40
797 212
502 858
113 217
574 958
77 638
801 258
201 590
701 297
155 397
28 181
863 85
169 121
224 35
248 542
302 319
620 334
36 751
916 779
576 812
707 585
541 610
704 1
178 72
126 402
240 785
518 850
709 657
891 594
657 510
417 881
179 846
788 864
382 843
425 562
524 874
598 607
505 380
303 689
16 17
16 856
832 915
645 887
478 728
742 261
232 718
512 896
556 354
272 329
236 922
419 138
628 436
242 603
719 31
927 34
713 146
346 578
862 525
774 403
614 82
372 281
83 614
855 348
380 828
920 131
409 642
430 744
968 143
362 738
181 174
515 504
457 654
149 320
635 687
483 394
694 240
416 465
789 784
658 213
976 249
850 734
321 468
478 32
380 113
540 521
817 632
604 83
811 102
355 930
636 17
765 755
361 822
18 174
511 559
8 488
118 455
212 648
748 586
434 446
330 767
645 100
339 833
385 918
886 984
730 380
126 861
117 310
187 971
829 376
584 836
981 45
913 197
623 600
822 84
424 406
558 537
335 352
943 542
772 156
144 789
291 966
679 619
592 403
773 738
460 675
355 463
999 782
896 911
302 53
782 707
687 812
880 237
293 981
614 562
615 847
563 976
747 95
965 940
519 517
301 20
174 226
808 258
165 549
884 899
334 484
687 416
620 901
698 843
355 462
206 34
201 482
239 158
702 770
977 257
409 749
854 969
671 13
655 648
198 612
827 259
367 58
594 10
280 126
232 343
93 598
96 486
538 709
669 365
63 162
580 88
238 444
405 571
416 364
289 210
788 37
842 942
238 47
310 584
425 498
321 289
104 79
67 813
865 940
972 960
739 983
54 14
273 615
152 709
523 470
137 151
85 297
657 600
584 712
952 108
773 2
530 377
658 322
215 833
679 344
441 602
706 86
174 608
203 547
311 729
630 313
44 948
540 977
445 403
434 132
273 2
863 173
297 132
779 824
320 35
856 405
986 536
491 74
922 768
598 421
800 364
967 272
933 384
537 623
502 663
615 738
466 279
25 314
288 687
182 507
41 937
248 163
766 741
892 928
951 429
663 473
797 908
463 375
871 90
818 162
984 646
903 351
229 278
139 242
177 443
895 289
92 50
138 294
926 279
712 927
971 954
954 68
667 681
724 558
380 868
132 687
684 108
480 690
724 669
674 438
786 668
159 418
881 538
826 237
976 818
498 42
57 794
671 263
413 51
877 750
594 272
25 571
582 881
1000 168
169 576
707 448
692 308
454 611
806 276
593 473
690 424
781 714
69 840
752 582
815 615
756 802
260 79
422 770
676 107
482 680
812 931
70 829
71 12
812 528
350 93
394 748
960 305
924 404
821 524
625 187
368 172
832 379
639 430
97 851
114 787
151 122
45 659
373 6
231 168
642 359
553 64
999 685
974 560
222 821
957 318
995 759
870 961
83 401
775 956
89 608
880 821
221 99
451 245
540 505
905 248
624 298
576 397
353 772
373 457
822 345
784 186
548 35
676 120
183 88
24 767
975 428
228 615
999 282
879 704
148 288
115 175
381 7
797 589
927 222
876 758
880 753
675 158
824 580
771 755
295 241
580 1
608 106
33 450
324 327
676 572
272 810
592 703
77 57
617 28
194 887
711 702
954 813
208 71
449 291
56 251
95 826
333 753
172 561
436 206
113 79
169 973
663 605
762 596
216 368
549 530
735 379
43 598
243 877
890 496
265 371
479 13
626 278
504 910
139 771
156 995
984 228
680 765
352 606
169 120
936 704
288 410
127 297
643 256
883 903
27 999
853 447
781 178
571 738
280 164
684 835
705 376
120 712
410 20
356 968
583 379
131 59
821 598
956 47
481 137
852 104
410 135
448 894
585 787
842 717
453 227
109 641
990 282
171 958
959 733
19 982
884 936
104 845
655 699
340 538
90 693
236 923
24 731
466 144
429 284
608 937
534 385
422 943
244 301
689 104
382 179
466 803
343 427
231 145
703 667
577 787
63 824
104 807
581 827
267 815
366 235
811 810
865 760
522 299
669 392
135 364
963 119
671 334
964 196
459 404
974 277
27 128
708 193
506 601
436 908
369 487
941 581
302 813
485 473
903 565
401 428
19 13
494 361
186 550
203 233
701 972
319 727
855 993
288 683
340 511
523 651
235 681
329 572
716 184
520 403
134 967
469 376
970 319
183 574
973 696
5 742
9 175
801 527
680 872
899 134
41 958
184 481
815 26
490 299
951 682
295 902
173 294
429 188
175 296
638 664
867 504
10 645
980 185
103 58
31 809
220 246
862 317
934 670
119 992
390 696
482 569
90 742
75 682
244 99
923 600
83 167
156 107
551 174
150 459
941 84
194 763
391 951
664 306
181 495
646 683
231 517
896 234
220 314
457 728
617 616
116 891
82 311
375 990
410 718
488 226
732 413
932 591
789 962
936 650
501 868
559 808
860 721
641 203
60 933
349 892
392 375
524 937
307 580
694 880
220 975
688 313
228 450
1000 123
907 537
802 273
821 115
364 642
327 270
111 407
450 976
296 688
713 811
757 742
62 216
801 344
398 254
661 700
294 959
96 914
243 805
569 859
764 321
782 96
734 377
592 338
296 303
424 484
779 627
799 807
161 987
454 192
184 420
38 259
118 125
834 418
548 617
714 860
810 184
573 7
297 276
335 500
355 490
106 940
838 501
107 125
640 774
643 233
700 398
115 662
259 208
425 760
654 491
508 895
164 83
183 849
19 816
721 481
654 410
583 464
508 750
129 285
844 828
3 356
847 111
955 6
461 881
390 311
319 407
107 697
235 396
788 750
857 33
465 391
362 793
492 984
702 831
81 183
615 310
673 555
72 398
552 632
522 272
389 263
444 982
871 537
640 203
896 101
272 719
683 303
738 974
299 38
707 165
121 816
108 942
380 75
461 929
236 857
845 15
461 262
233 703
664 415
122 609
428 736
359 844
177 800
52 148
860 739
960 997
317 312
433 859
913 465
215 601
19 178
187 788
221 508
460 288
479 68
126 779
731 743
915 492
365 349
682 33
78 834
445 69
449 130
235 881
273 92
401 39
331 162
339 687
502 137
360 754
131 219
630 181
156 702
735 986
9 583
891 584
876 156
277 463
338 303
121 197
619 194
31 848
455 966
633 98
620 808
657 306
842 254
755 563
511 489
576 398
480 19
390 790
870 800
546 746
92 96
370 638
477 442
871 206
512 597
34 297
878 972
720 712
918 773
703 529
595 248
244 458
372 263
798 319
340 997
271 677
788 369
239 209
894 680
198 115
243 18
870 413
50 654
396 998
128 76
682 687
42 526
629 586
88 175
779 175
764 999
396 885
551 899
163 578
682 574
77 56
156 393
167 11
8 656
741 98
1000 36
582 850
664 507
538 583
899 721
627 756
351 638
613 777
9 147
997 426
838 998
416 115
494 222
41 266
460 324
393 389
357 323
108 342
278 472
366 462
583 967
677 270
790 615
743 573
246 127
853 461
213 878
160 342
805 426
883 902
425 550
320 108
835 863
587 238
550 502
899 58
538 486
939 813
49 755
822 982
733 265
255 197
130 404
520 820
740 855
533 530
165 702
151 383
249 773
657 286
514 161
515 136
936 851
285 151
64 702
698 949
617 675
599 631
758 869
996 513
814 886
765 220
349 629
336 316
968 177
272 760
203 684
629 558
38 138
651 900
16 148
896 45
427 426
850 732
671 478
621 543
659 510
952 372
812 288
707 10
365 114
935 42
26 816
63 511
726 149
446 348
857 347
929 870
454 827
994 650
991 224
425 199
912 735
650 632
269 334
695 904
934 64
989 229
5 340
189 23
946 434
441 115
731 690
386 861
44 865
981 156
303 896
170 421
971 227
679 613
886 107
636 582
947 149
174 549
783 976
529 21
287 301
89 558
326 205
663 70
331 729
120 852
597 718
747 81
514 274
809 438
818 914
150 345
813 503
228 681
582 316
569 883
222 703
140 758
141 651
509 49
55 453
202 907
976 554
225 506
353 557
626 550
509 930
72 63
28 186
332 989
970 498
478 64
566 98
750 767
57 402
869 19
319 54
983 15
472 663
842 861
20 241
314 402
356 9
360 76
951 222
755 325
40 436
63 386
45 276
316 638
722 537
962 40
604 533
383 205
611 275
920 716
795 968
541 500
531 50
57 959
494 612
156 256
382 577
411 112
503 494
52 838
225 605
333 875
597 174
869 905
156 804
31 712
61 905
342 539
956 771
494 838
687 925
728 162
657 154
490 765
917 920
957 423
904 781
338 441
853 374
14 728
364 357
37 345
535 462
684 772
247 617
710 48
92 383
611 909
850 431
818 209
475 414
718 590
253 322
76 573
137 825
28 722
922 822
289 598
944 802
962 823
459 463
897 896
789 146
757 270
858 631
713 168
20 960
612 954
927 973
742 45
319 372
746 160
427 109
180 526
362 681
842 671
166 490
422 583
629 706
907 457
835 770
659 600
38 567
241 441
890 806
817 420
360 25
683 447
579 126
44 643
788 34
575 202
320 726
742 617
86 13
712 428
180 66
282 670
501 522
356 259
892 205
215 600
492 539
754 170
556 628
647 591
319 750
342 837
914 58
498 639
173 681
108 386
863 114
204 941
101 676
853 40
783 659
790 459
5 573
887 281
669 582
999 963
692 793
957 353
2 341
424 255
139 596
362 279
54 609
828 56
952 565
919 115
218 246
529 221
896 760
115 994
888 290
205 557
650 906
559 318
999 1
384 298
870 176
817 4
376 212
145 903
989 286
370 462
580 365
414 37
219 159
680 411
63 774
319 360
175 916
417 240
366 205
149 297
578 973
599 801
124 391
768 925
758 936
147 328
843 853
152 498
972 2
941 718
229 204
121 979
473 314
147 185
46 468
685 713
526 631
673 129
802 487
954 666
630 699
183 110
962 225
764 53
912 982
695 641
627 759
702 231
119 83
47 950
583 421
34 575
756 768
709 858
565 294
415 963
535 562
294 964
23 286
170 318
189 242
235 860
437 964
705 92
908 983
265 595
749 363
808 323
660 622
843 379
844 528
95 414
743 482
671 577
464 632
163 374
611 884
157 844
837 250
117 737
297 776
704 161
465 659
282 507
863 482
818 153
127 879
935 818
24 686
760 376
467 462
482 642
908 490
344 735
254 102
833 139
442 116
340 938
138 365
376 240
812 221
408 955
447 330
698 148
756 386
224 787
577 785
714 926
876 875
493 393
681 851
920 53
833 788
933 240
381 915
607 799
194 857
674 111
622 265
489 627
626 884
293 515
913 961
955 634
816 804
321 346
543 659
108 518
659 366
473 391
977 887
796 301
393 198
233 519
436 172
493 973
763 167
492 768
393 343
235 538
587 321
513 614
753 89
333 223
702 18
173 864
247 147
930 649
22 911
293 71
957 160
596 608
264 339
585 753
587 431
850 922
991 385
740 647
50 463
359 347
933 24
183 681
610 247
504 952
743 433
799 611
545 512
614 678
596 181
161 199
175 298
880 224
184 855
719 297
810 759
336 846
151 301
300 937
66 572
715 702
387 747
427 566
548 22
610 315
187 86
686 124
616 984
447 34
65 671
767 883
297 779
262 279
342 348
380 748
367 470
987 105
372 376
764 586
671 14
465 187
397 868
964 171
949 793
845 152
171 489
301 614
1000 817
867 377
437 419
869 99
845 102
86 887
87 170
856 860
699 556
296 979
388 781
262 738
693 6
96 694
778 260
946 738
288 24
94 444
347 267
97 195
846 591
55 855
854 284
617 389
673 427
692 113
216 298
507 893
968 761
956 574
8 22
924 944
514 768
435 121
346 548
610 953
8 229
136 442
381 582
749 418
645 359
353 305
942 731
784 661
44 725
64 59
448 154
946 185
602 567
511 145
793 538
403 866
762 177
448 777
710 49
801 779
607 331
168 152
850 428
755 601
516 409
19 931
116 485
358 894
28 723
547 357
215 467
179 681
521 898
174 364
50 902
489 126
641 361
441 259
904 555
824 828
732 93
334 225
484 310
727 346
309 429
183 388
81 198
600 870
251 754
81 87
781 916
922 182
937 686
844 235
480 915
941 634
786 957
435 103
254 709
51 425
161 441
381 734
365 57
338 967
411 817
178 540
820 147
969 895
255 542
41 300
630 638
646 499
49 777
925 296
491 380
844 440
437 638
160 32
763 200
506 83
70 816
236 200
473 778
754 397
97 630
574 224
961 237
505 153
359 274
126 747
201 688
192 989
891 733
658 214
828 713
421 268
120 687
619 823
733 291
236 381
547 236
370 779
278 126
944 582
31 850
714 80
788 831
183 951
814 15
62 784
128 514
443 155
338 79
157 649
763 850
83 437
345 921
112 608
521 958
680 259
561 429
245 652
873 339
286 326
989 285
922 328
59 984
443 377
686 289
344 54
893 993
324 428
822 423
769 41
275 672
572 666
759 792
315 675
633 412
487 929
200 981
38 705
100 282
19 512
121 865
86 733
893 195
663 787
744 269
962 476
302 933
780 717
485 337
158 201
324 721
18 420
20 170
385 627
316 705
760 759
912 952
716 290
42 433
404 122
722 591
704 974
209 416
447 180
8 803
812 604
877 898
588 251
290 914
368 414
369 171
649 73
601 832
388 620
715 248
113 623
991 31
137 676
568 325
455 338
259 511
316 244
902 663
796 142
530 94
948 497
677 157
596 146
292 381
865 405
882 589
41 187
424 77
64 244
943 62
32 914
537 955
95 409
918 615
266 739
808 98
793 722
740 849
64 402
796 963
727 873
874 495
916 812
768 935
421 514
794 44
904 548
64 257
598 706
433 124
37 626
296 692
500 956
376 130
139 174
875 856
244 921
107 754
277 52
263 1
876 582
436 587
880 641
939 973
178 113
760 87
290 16
992 442
208 361
337 11
120 357
888 593
717 296
186 336
759 621
893 231
52 441
234 43
495 319
116 512
851 719
67 220
33 92
290 357
788 228
930 309
626 196
699 624
557 626
854 476
697 407
769 610
173 974
778 752
906 397
165 827
674 929
714 754
364 959
751 701
294 918
541 143
122 889
717 590
386 680
867 33
613 525
16 448
515 669
526 630
923 96
463 859
395 523
977 222
661 1000
426 108
852 169
620 61
13 41
732 647
752 77
865 290
848 688
728 998
415 506
914 455
64 476
656 146
491 967
410 354
22 59
854 409
376 47
638 267
785 451
183 108
444 632
196 393
452 19
89 895
757 296
116 160
957 950
235 421
727 448
270 771
349 71
719 876
360 257
16 573
950 80
368 828
112 918
756 487
483 605
724 645
764 954
964 148
877 629
857 305
272 742
440 264
961 839
622 443
309 106
73 871
318 504
526 701
229 771
323 322
117 802
25 716
321 293
104 179
159 889
164 853
527 547
440 213
345 40
576 497
462 810
449 409
70 555
674 55
664 522
47 873
865 642
42 171
523 680
193 13
569 164
387 253
321 865
496 161
547 796
737 569
576 267
264 479
875 343
206 4
287 493
878 558
168 123
655 126
896 879
435 391
808 171
827 921
884 606
169 343
260 570
615 798
174 32
506 921
348 787
149 750
226 499
378 566
948 894
219 614
310 339
990 465
22 455
136 838
141 459
497 713
849 636
132 604
261 646
431 96
906 717
154 886
671 975
969 171
7 55
484 416
410 527
124 671
968 493
381 40
880 713
577 919
25 876
262 131
651 168
140 619
608 195
81 611
164 664
983 188
930 40
879 511
573 908
9 305
927 917
363 876
219 448
354 617
449 347
871 760
472 996
256 485
609 969
683 462
595 650
195 760
111 436
115 45
707 341
356 269
341 191
433 415
683 236
255 750
401 139
934 63
666 937
259 373
761 621
670 517
798 606
69 598
416 840
700 728
386 656
425 942
134 838
283 24
486 513
749 389
622 749
36 752
827 711
539 241
541 409
65 320
550 457
165 933
573 40
407 1000
303 811
14 698
678 365
576 814
554 919
685 447
334 663
466 503
230 356
490 497
154 168
597 644
729 564
287 116
510 71
920 11
373 469
528 36
641 731
301 337
936 777
591 75
799 126
326 580
76 687
862 538
556 353
877 456
637 28
237 636
370 351
334 194
851 536
149 583
55 700
77 164
461 197
979 632
459 492
846 200
59 98
307 566
603 469
15 323
368 546
80 118
831 237
571 575
553 953
733 731
717 246
845 385
406 823
865 350
13 751
216 453
626 48
823 395
668 269
338 936
190 985
697 491
179 951
19 320
647 962
725 430
964 838
347 844
79 737
151 180
377 385
415 739
623 688
754 513
203 269
320 111
340 98
112 193
277 639
232 902
908 823
311 233
219 640
410 131
763 531
432 343
16 22
969 432
573 302
650 989
689 817
448 993
178 310
127 873
81 577
499 462
120 25
802 611
451 339
768 575
400 659
438 127
603 629
175 852
996 889
132 732
443 501
599 854
177 673
146 560
935 368
814 599
963 123
142 572
750 337
492 705
242 24
243 273
726 462
90 100
475 674
539 809
635 896
907 905
603 174
220 918
521 375
407 492
482 333
621 318
824 160
878 471
204 130
137 207
708 626
123 50
990 668
688 718
212 260
947 843
365 290
353 442
264 341
509 188
1 774
753 953
455 305
394 658
101 925
93 297
524 549
283 369
819 419
643 241
204 725
888 638
338 355
875 136
448 274
574 115
227 925
525 94
728 918
432 371
948 667
150 237
485 793
159 113
918 230
331 824
317 741
623 487
638 155
301 895
568 797
258 757
975 352
671 123
323 777
340 937
641 444
571 63
239 165
997 506
91 402
474 278
661 34
148 75
974 91
333 113
543 450
177 717
789 974
163 543
609 563
498 146
851 746
484 961
472 521
470 20
473 368
293 549
898 841
479 846
704 920
501 642
655 843
397 583
539 515
990 606
661 486
630 737
955 777
924 888
854 505
913 489
570 928
921 998
920 719
856 717
798 720
213 80
677 481
203 754
910 89
731 524
92 822
809 842
60 340
902 717
675 785
516 71
631 924
856 410
107 224
948 426
329 318
757 806
817 294
353 160
264 431
502 323
732 612
757 215
313 998
58 139
886 485
945 501
337 67
667 864
719 684
249 849
98 48
163 385
999 412
714 893
474 601
701 754
25 81
334 453
10 391
29 617
102 97
250 732
314 113
899 197
48 173
429 352
909 598
362 773
159 613
669 536
756 85
828 618
776 917
561 97
15 584
267 978
65 735
228 829
409 637
676 517
959 438
301 584
579 99
891 437
926 212
347 423
309 266
261 123
65 874
981 684
782 439
233 588
877 779
570 981
94 527
350 917
481 986
777 21
942 825
854 5
433 863
394 559
351 117
895 584
535 555
627 570
96 946
351 154
674 601
144 28
44 917
674 712
640 984
246 134
984 43
503 749
622 605
990 1
97 854
250 316
602 521
709 37
1 616
110 42
370 777
317 986
442 381
207 63
54 646
483 380
348 103
500 90
819 550
306 431
144 286
92 124
321 273
645 942
261 761
797 983
500 969
429 307
656 505
803 122
822 266
646 740
614 168
529 542
52 103
635 548
168 289
609 296
85 711
176 237
567 403
510 512
629 598
959 325
926 630
483 485
673 789
794 70
747 644
414 853
364 544
237 814
128 366
419 673
965 582
685 710
504 214
427 363
801 58
517 174
898 928
430 906
891 191
798 665
268 956
548 928
541 950
511 646
520 365
773 69
722 879
304 1000
89 26
330 852
970 564
506 427
631 38
106 8
503 467
434 246
201 705
311 540
863 83
235 437
498 753
959 588
874 696
549 960
18 776
807 520
166 400
575 572
869 863
717 641
980 748
573 75
23 110
999 881
642 324
398 758
628 621
909 218
306 369
988 373
864 331
644 665
495 935
478 563
979 106
616 848
254 26
699 379
686 103
687 394
232 564
513 499
141 530
77 404
645 898
244 443
356 630
983 912
806 939
879 739
71 998
426 559
499 239
323 957
471 109
628 80
920 137
133 676
957 882
601 228
713 502
362 748
272 764
100 312
63 180
546 206
547 891
834 757
102 629
693 190
215 846
592 815
220 992
904 507
405 658
906 804
857 445
329 884
844 141
627 295
518 458
702 311
596 798
83 837
178 595
985 353
214 125
731 261
754 158
334 192
939 304
929 635
506 439
514 904
566 625
270 50
381 885
991 236
501 368
752 274
806 51
956 644
443 571
939 478
9 661
28 151
433 577
198 323
974 398
257 691
772 246
403 621
288 443
914 291
623 727
583 56
188 92
664 179
818 967
601 493
876 81
389 673
365 724
520 837
832 215
597 857
249 971
503 842
206 411
353 101
979 153
42 724
610 327
315 33
558 223
624 375
571 336
992 139
153 47
211 353
874 227
267 19
451 334
604 280
107 720
440 957
2 860
42 145
97 346
758 529
210 219
214 755
668 669
159 150
220 384
559 977
177 371
716 928
556 185
975 641
43 880
603 382
967 753
362 70
698 38
778 94
154 724
546 210
195 480
967 646
661 259
111 188
78 431
388 785
946 959
428 618
431 709
233 710
548 651
697 215
146 311
241 243
151 714
927 907
544 622
302 850
693 3
967 932
125 577
734 945
94 528
248 928
434 461
875 151
423 903
143 260
658 947
402 254
339 553
947 934
89 82
915 324
57 556
60 341
208 576
175 4
992 764
792 808
725 214
417 977
222 176
383 339
652 407
636 614
731 395
933 394
917 533
165 784
10 723
687 255
121 44
996 910
47 284
88 291
197 399
553 255
685 490
390 526
282 399
528 427
311 8
955 707
978 263
76 822
183 114
658 708
810 923
975 327
615 220
999 381
36 455
383 1000
276 438
887 227
543 16
91 497
128 101
807 415
132 661
137 761
765 113
656 715
950 429
552 524
985 367
940 147
941 742
800 518
640 127
218 103
806 556
897 320
238 98
976 199
538 594
99 696
134 361
467 956
157 8
105 495
310 558
26 965
344 326
610 647
275 178
263 785
996 711
39 266
192 643
764 499
910 395
398 223
792 494
761 627
522 691
786 124
891 865
24 149
691 990
438 698
45 636
230 568
106 634
179 202
75 813
278 130
429 878
179 436
819 410
676 305
219 678
535 494
524 893
121 200
304 408
14 555
681 302
463 416
458 325
983 681
491 987
205 553
277 172
831 885
889 188
766 410
788 536
258 267
280 879
873 336
493 775
339 460
819 598
869 593
860 122
88 509
742 114
600 551
965 273
552 714
171 276
188 686
713 343
486 399
385 249
534 729
243 134
704 692
742 860
409 600
121 870
859 976
452 410
433 548
869 87
484 11
802 112
850 644
281 647
74 350
893 290
967 991
364 688
403 404
385 737
902 846
704 961
545 67
484 873
195 726
622 83
569 69
381 767
555 118
744 957
651 603
781 744
229 571
602 7
895 670
531 1
2 460
715 253
217 267
710 432
88 991
288 289
218 558
900 488
683 1000
175 60
199 842
628 840
420 181
904 890
634 217
762 18
725 142
17 199
805 38
421 301
541 748
302 32
326 852
931 656
215 112
515 977
849 783
426 1000
201 884
157 840
528 356
965 945
785 331
711 830
595 828
611 969
154 138
269 715
163 88
71 707
311 112
97 460
371 285
63 755
549 404
897 851
353 683
500 814
104 527
125 840
127 585
152 133
941 507
194 512
451 115
876 720
17 887
684 419
160 527
603 277
380 938
438 270
81 3
190 447
615 458
998 470
693 268
90 243
16 754
829 860
793 478
543 547
986 506
373 228
418 429
592 800
501 684
313 306
479 229
852 641
561 628
158 458
252 289
843 846
434 936
590 457
665 950
152 543
851 927
691 690
180 181
399 48
911 843
62 177
156 942
56 362
221 624
717 587
403 767
552 160
86 410
731 595
183 564
386 854
285 656
742 936
566 771
808 291
112 144
791 938
79 884
84 984
13 38
625 470
862 5
165 891
654 273
767 101
314 696
258 62
830 758
583 571
420 286
956 184
390 690
448 975
927 489
361 290
125 329
168 478
131 722
63 535
943 531
846 330
315 270
29 564
67 353
429 378
949 579
931 200
73 720
702 773
404 72
449 929
410 601
740 102
837 286
71 740
569 592
111 985
223 755
849 320
975 640
120 388
821 298
381 355
534 641
868 843
48 368
525 962
145 581
733 639
293 594
872 413
920 819
613 106
321 314
543 627
506 758
52 190
164 848
238 161
994 515
226 761
561 381
962 37
347 635
756 981
502 901
599 375
705 842
605 812
566 594
643 531
747 286
160 437
571 981
70 505
832 487
868 493
576 313
268 683
450 514
273 251
644 30
437 698
191 745
140 365
785 96
235 937
930 907
71 327
537 967
44 721
836 693
486 890
822 992
549 104
161 831
914 407
547 232
443 297
664 128
593 860
31 890
783 651
630 396
847 452
170 822
581 296
253 935
897 761
20 632
791 285
689 895
380 558
70 438
954 365
171 525
211 728
599 581
378 5
6 857
832 752
651 148
737 309
404 108
634 951
506 854
625 922
312 387
718 15
189 835
756 68
538 544
778 115
564 544
17 995
290 313
875 635
784 44
985 702
324 520
132 347
370 292
243 14
748 747
694 705
75 275
905 46
427 414
801 141
658 270
154 613
350 810
167 464
152 599
597 363
908 714
568 95
237 396
165 255
868 306
192 819
924 124
821 996
890 238
716 254
38 470
666 551
247 964
142 336
515 726
539 204
120 580
669 577
946 198
586 289
814 527
644 897
574 454
538 655
706 710
28 510
303 820
168 233
79 989
634 420
81 750
266 602
942 767
857 707
234 509
827 791
794 212
316 272
870 843
27 687
372 72
331 885
338 75
574 603
549 935
805 581
831 709
825 532
572 264
233 856
887 682
362 636
672 313
82 358
779 84
157 344
361 165
414 185
815 996
292 733
996 329
431 926
802 30
345 601
969 361
128 497
648 744
501 806
488 79
241 357
57 62
441 991
354 520
670 168
147 45
612 415
438 985
126 990
289 509
4 896
756 781
264 45
817 903
625 126
553 745
819 299
614 962
766 793
674 635
515 677
41 46
633 708
613 614
89 314
880 27
455 735
814 482
669 549
500 929
984 9
912 294
396 143
578 216
45 752
598 608
946 125
382 170
801 838
197 437
272 20
468 376
567 924
511 314
666 511
850 368
995 617
466 105
864 316
261 842
724 792
580 545
799 206
839 697
400 662
719 999
666 448
888 33
281 181
449 811
983 914
272 464
438 493
958 756
872 629
814 888
729 928
349 505
590 995
239 243
704 610
483 549
444 805
745 60
926 481
451 3
68 314
93 586
591 511
774 181
7 798
29 994
121 769
730 657
821 326
586 733
56 832
474 83
94 792
464 37
872 418
266 359
214 145
472 560
553 777
935 83
976 128
961 292
469 428
502 668
998 561
12 982
366 447
539 731
740 72
964 624
354 369
631 230
78 738
319 732
237 451
455 12
60 476
835 482
47 198
104 392
624 719
198 310
488 589
94 231
187 963
691 339
875 478
92 988
183 567
972 408
153 576
634 139
781 382
32 835
839 200
369 518
230 705
605 395
342 723
553 112
662 690
45 724
905 691
780 265
230 336
253 529
490 421
74 164
964 712
318 945
67 949
582 20
838 162
435 589
184 971
23 850
549 294
36 207
185 531
205 752
187 109
546 556
124 512
664 607
411 78
672 846
175 885
881 241
129 69
258 611
730 288
15 625
258 656
270 545
418 236
536 439
848 377
347 784
414 768
54 315
95 581
759 738
741 83
959 492
673 211
11 468
51 547
603 30
985 773
547 10
904 409
650 229
320 704
651 644
798 821
468 568
968 85
911 254
803 961
734 951
401 385
545 10
817 749
639 894
272 604
551 52
807 452
913 383
772 438
618 432
425 37
479 510
275 424
744 773
446 717
907 845
674 382
346 545
433 446
463 906
725 99
416 671
734 499
771 263
80 524
724 301
253 723
344 177
218 662
383 112
687 8
321 647
213 913
586 413
257 959
754 727
439 339
648 312
575 967
779 542
140 76
255 390
164 90
771 178
700 116
224 293
857 535
487 500
288 790
776 555
427 521
746 284
432 481
159 86
598 921
883 844
484 477
614 131
337 181
48 160
471 166
953 419
827 438
153 299
555 576
607 923
851 429
64 777
673 925
547 932
751 204
195 472
458 805
4 617
367 215
404 323
844 560
548 602
863 535
20 147
77 969
629 657
219 373
94 611
777 137
523 413
483 168
599 238
893 397
821 80
691 885
938 156
351 481
29 381
325 710
911 67
455 71
739 840
292 85
359 53
47 777
194 303
948 196
623 442
187 922
687 857
47 254
998 938
820 446
698 375
442 708
668 122
122 44
822 616
416 59
677 228
516 38
705 251
101 978
729 237
587 251
130 280
349 132
867 347
64 28
328 385
255 46
409 192
767 67
787 762
406 131
705 438
488 726
529 864
69 39
686 817
291 117
955 710
328 206
534 2
42 836
38 609
262 321
763 966
330 412
54 935
515 435
46 715
68 7
965 287
788 376
646 874
837 725
250 977
220 761
730 698
323 224
394 519
203 198
655 210
195 442
413 495
17 974
733 678
916 506
829 935
481 793
703 978
33 36
692 421
424 615
521 351
171 210
1000 442
9 897
251 96
935 140
518 380
167 358
82 826
640 746
990 676
113 208
442 902
279 629
91 697
299 596
763 235
670 613
79 324
69 566
910 20
627 904
630 377
558 522
959 585
914 314
532 765
256 944
813 968
398 586
331 421
518 843
995 650
16 507
828 122
850 478
905 743
357 574
586 36
864 334
610 446
115 964
921 313
831 794
23 841
374 615
49 832
906 574
413 542
763 908
513 496
311 741
81 982
484 405
183 293
119 683
157 394
730 636
512 679
620 696
203 724
21 427
722 232
151 29
355 225
343 16
239 99
150 752
445 736
217 577
935 509
756 686
794 911
579 431
47 653
105 276
273 576
533 290
848 444
904 510
461 455
133 593
527 260
251 927
603 162
345 342
697 41
809 551
729 957
657 619
674 843
397 688
221 940
321 276
632 705
397 257
476 798
294 907
596 767
387 132
902 741
725 78
801 406
397 483
511 901
238 711
527 790
79 705
535 268
154 674
38 366
313 861
978 621
887 735
677 13
705 225
300 528
469 723
533 718
190 635
643 2
614 555
705 461
301 506
838 163
734 403
37 384
13 226
831 830
427 556
699 834
569 779
288 890
608 879
524 402
275 912
58 256
743 115
598 850
44 404
14 771
400 755
37 738
244 410
427 714
159 147
254 791
390 644
742 56
511 916
452 318
661 46
974 95
794 705
464 228
120 390
983 151
380 968
219 74
726 402
650 384
797 303
599 999
251 861
582 755
363 903
125 892
485 288
264 682
911 328
588 459
401 503
254 723
794 731
152 351
468 569
983 362
786 994
949 438
75 361
447 304
402 788
761 890
9 75
781 733
123 101
531 970
539 599
77 684
260 92
445 200
29 265
88 891
796 45
304 947
263 1000
403 541
722 965
948 263
43 97
329 337
679 433
937 18
503 517
344 178
986 737
467 877
829 117
118 996
926 817
426 931
288 585
730 941
574 443
723 863
960 123
322 942
961 982
322 872
240 673
439 451
210 777
762 298
11 760
728 886
126 141
681 320
646 277
23 8
470 686
490 184
681 721
427 655
244 79
48 210
746 905
747 336
415 136
509 125
534 470
594 197
704 397
817 98
788 357
811 588
542 972
409 720
603 302
812 656
51 411
828 981
566 65
739 655
684 244
642 512
315 1000
264 838
674 145
289 245
346 974
608 405
294 358
207 899
463 730
744 68
285 786
35 995
860 874
19 186
576 653
792 506
207 673
43 832
338 848
728 504
468 819
35 880
643 625
354 166
445 93
300 185
736 946
553 284
570 674
421 468
231 759
835 478
616 444
855 647
588 770
936 291
133 311
347 916
120 582
905 488
654 173
362 399
515 873
239 839
573 35
995 657
545 706
947 210
2 223
277 471
405 258
268 62
846 340
268 141
822 748
288 819
457 860
24 601
956 354
632 399
784 179
898 167
93 977
404 812
888 7
797 979
637 660
272 468
512 557
575 303
183 192
96 234
205 264
30 911
124 696
162 477
436 748
606 512
555 542
974 100
806 966
614 63
836 13
603 266
931 275
56 567
717 318
521 531
298 668
595 990
731 238
146 600
509 724
217 239
294 768
940 370
105 319
588 444
271 462
111 241
657 840
761 976
119 266
321 375
48 649
147 724
530 517
694 214
143 42
91 877
293 761
994 598
351 439
950 76
9 50
582 997
368 261
463 702
377 569
334 729
414 650
952 45
271 263
437 555
556 599
911 983
915 272
518 671
282 927
65 5
84 295
545 787
477 816
459 781
481 309
445 466
984 156
32 825
855 683
913 96
921 621
452 609
607 235
644 871
622 674
102 806
620 102
838 53
224 383
44 554
790 510
619 166
983 729
378 760
732 991
804 508
733 434
277 537
297 357
421 524
654 602
55 340
879 521
795 84
922 146
745 493
176 976
999 416
702 925
708 374
693 710
660 497
590 886
992 449
439 862
812 212
962 745
87 40
488 864
683 266
141 976
557 168
405 843
864 618
627 156
276 216
774 171
133 817
320 788
542 151
216 793
396 785
605 400
343 185
817 485
713 724
440 80
848 445
940 485
726 306
267 661
968 998
626 254
274 171
647 750
4 403
824 165
473 57
430 104
228 309
526 884
415 799
536 904
316 944
243 848
288 209
200 957
972 267
231 436
503 435
108 449
550 40
199 922
739 97
758 399
504 202
654 250
987 939
233 50
296 90
395 926
797 106
683 759
316 500
465 982
727 922
230 342
236 323
666 430
724 88
373 374
504 251
430 231
515 95
546 699
329 57
775 806
300 198
395 90
72 189
150 448
390 467
798 779
926 289
619 305
879 259
777 727
318 561
801 915
335 218
418 123
827 285
168 654
99 930
890 923
745 116
564 728
301 974
655 515
949 866
586 620
267 740
494 48
834 725
360 180
402 841
316 647
228 640
941 928
269 445
143 98
948 1000
172 775
265 464
78 764
15 866
159 901
751 735
187 880
518 724
367 742
173 701
122 167
804 993
623 529
181 622
511 811
957 221
962 816
505 134
530 17
861 609
523 908
50 490
838 339
16 294
201 275
400 133
53 725
776 352
982 594
901 872
566 925
358 545
568 625
54 524
336 801
631 558
83 108
175 580
13 297
185 700
818 524
663 467
372 22
453 276
215 488
966 352
521 907
24 749
120 86
132 266
694 382
163 226
239 918
97 378
770 683
939 497
769 198
788 358
77 297
962 721
543 28
626 578
309 438
696 245
148 116
759 930
850 890
945 662
323 6
198 918
489 274
811 877
523 177
212 790
777 830
685 733
851 653
780 695
34 817
241 629
741 198
983 265
252 501
734 913
113 89
919 737
132 213
632 651
392 122
947 744
360 846
198 594
351 770
740 401
796 387
601 877
435 45
878 259
167 418
740 352
528 944
194 348
285 563
70 811
57 588
723 687
744 754
504 631
250 103
256 965
515 731
134 786
188 401
527 928
326 99
787 527
227 762
945 443
356 990
175 378
205 963
22 155
79 990
491 90
66 727
340 298
19 855
866 782
68 476
606 852
555 994
700 137
519 583
813 422
742 276
40 241
796 660
414 371
220 38
831 710
598 923
585 40
827 103
613 410
765 207
250 876
236 847
609 291
771 620
651 2
241 343
618 435
671 207
177 703
286 107
732 431
777 632
169 280
20 194
630 913
132 516
295 120
986 465
553 786
288 581
823 550
367 858
462 586
636 401
893 318
17 605
815 791
623 149
200 597
741 250
689 628
66 34
928 329
380 326
221 838
882 896
591 856
795 539
156 215
485 653
531 5
159 972
200 819
333 969
209 699
174 567
623 472
478 105
479 304
852 958
145 762
552 838
576 904
587 8
400 190
46 33
576 807
407 917
571 764
522 116
296 14
771 161
443 990
896 732
642 496
111 525
61 500
173 218
804 76
607 537
46 111
791 326
27 573
211 328
68 327
451 345
58 477
663 648
177 505
382 306
393 673
732 28
681 970
591 331
833 883
744 434
462 277
263 284
155 676
216 875
654 919
15 655
718 74
756 313
884 374
581 690
730 668
802 400
553 782
475 696
354 555
150 976
640 426
345 340
384 616
777 199
816 683
268 974
707 317
735 304
313 423
189 332
908 443
389 794
144 723
15 240
678 912
62 181
619 680
530 155
682 494
539 363
867 38
189 46
407 219
320 163
853 7
339 282
738 758
787 873
575 718
692 810
434 102
218 689
586 356
624 63
491 232
577 367
83 912
266 654
624 142
715 729
308 849
334 721
446 290
62 832
121 132
657 352
452 868
73 105
866 822
850 339
462 181
214 810
859 547
315 405
233 252
144 347
349 654
371 168
375 690
414 474
346 436
993 923
133 626
171 707
922 393
962 714
599 643
360 264
272 590
293 892
310 138
148 81
735 199
138 107
780 942
394 241
569 525
732 407
198 377
280 248
462 736
724 755
854 678
871 636
51 695
33 384
788 16
402 823
366 124
350 641
191 115
750 486
492 434
161 547
648 562
697 721
753 275
240 426
865 567
282 643
264 906
137 156
670 374
32 422
787 54
972 74
170 476
464 689
1000 259
658 441
716 71
778 622
946 508
398 887
551 279
592 332
313 669
373 789
504 604
710 508
782 25
450 542
273 255
610 800
313 782
667 427
210 594
299 815
382 940
591 277
640 959
387 384
378 4
580 815
136 640
625 298
990 190
833 899
790 481
359 85
767 424
628 674
899 394
426 940
953 357
138 80
291 90
936 133
477 315
79 27
851 114
637 541
603 917
729 594
569 805
134 937
304 174
858 717
286 338
72 218
205 354
851 514
486 277
659 645
417 370
915 751
23 710
391 802
158 59
896 192
65 309
772 819
68 888
584 83
507 356
215 47
453 886
190 379
127 117
837 528
17 999
697 982
988 668
437 386
114 17
744 168
199 392
203 845
275 72
685 621
910 370
747 956
164 880
899 767
517 180
961 298
635 831
950 994
826 564
539 565
761 645
759 406
708 808
304 962
511 889
227 398
299 411
506 91
40 875
369 993
776 63
835 732
607 96
972 419
631 639
978 928
136 301
265 911
947 167
514 542
783 751
667 36
66 677
433 366
199 643
537 592
130 390
738 211
222 800
188 240
231 50
417 722
272 187
994 582
364 465
153 200
923 508
432 305
914 665
940 665
999 446
106 59
552 401
680 358
555 882
537 483
491 775
989 277
186 98
6 825
188 564
962 643
428 235
727 385
233 69
141 714
828 516
977 326
153 260
85 705
67 458
450 478
603 268
548 411
72 468
493 412
917 202
980 814
224 622
557 356
744 373
82 644
856 847
251 775
893 332
345 462
534 572
920 960
5 162
82 535
332 83
321 230
985 271
994 839
623 261
772 363
848 241
190 960
322 200
240 460
894 808
402 176
569 171
460 382
230 876
622 950
71 84
535 581
957 147
100 932
605 641
786 93
535 698
984 158
322 541
625 348
454 6
579 703
213 997
732 699
696 385
754 651
210 685
690 227
874 580
247 714
123 984
141 217
179 858
326 614
201 950
952 730
442 424
245 421
743 362
88 480
596 918
609 130
847 128
453 377
455 799
980 398
504 447
12 168
384 271
106 430
768 677
163 189
382 307
898 312
604 411
768 852
327 987
73 648
9 400
160 516
536 351
168 803
812 500
986 259
676 603
515 695
798 946
621 533
68 683
380 133
242 98
81 288
872 53
411 723
566 297
345 347
843 756
899 678
652 982
375 51
124 241
768 271
920 762
631 226
144 724
465 118
163 361
882 820
5 457
373 655
763 27
946 473
892 381
254 919
550 223
493 742
277 841
761 558
796 123
65 487
193 170
925 665
878 683
607 43
221 764
667 462
779 574
909 389
675 960
1 648
457 478
66 634
807 532
770 892
753 668
3 87
919 93
745 796
727 916
835 946
197 405
434 841
1 426
330 310
634 472
653 98
792 763
533 572
918 14
921 282
262 482
563 845
31 163
475 317
112 593
330 488
283 946
27 965
197 856
922 252
664 931
438 82
349 653
582 325
571 52
132 808
958 660
558 306
390 96
927 155
863 793
662 476
507 760
563 342
154 687
897 205
938 499
977 31
941 764
910 629
12 656
31 292
458 668
424 772
24 254
483 291
467 934
817 519
655 803
623 95
772 525
773 340
351 376
246 582
420 89
258 108
671 549
46 180
51 453
566 420
683 248
77 681
406 609
669 893
262 826
627 551
296 395
67 141
687 833
799 923
377 352
236 324
765 909
700 716
312 757
577 191
192 859
209 787
342 529
456 960
334 993
434 11
553 455
202 63
620 133
248 465
447 787
344 952
535 448
849 825
994 162
779 530
914 636
749 588
382 143
684 909
956 234
814 248
853 606
488 766
362 219
789 454
331 658
888 383
787 435
448 544
885 350
372 135
120 88
231 892
852 464
129 52
738 624
228 966
125 74
400 609
954 391
917 68
756 92
466 990
105 38
327 931
453 740
207 815
68 973
950 423
244 75
76 496
848 345
464 82
968 274
655 8
200 428
147 167
20 159
669 246
835 242
375 213
836 345
985 641
640 484
953 99
682 867
129 609
388 234
485 518
570 988
532 272
902 947
351 114
373 726
230 833
624 596
263 952
308 295
769 979
644 217
345 21
902 529
598 856
431 27
549 836
386 872
829 436
31 662
45 103
930 825
914 210
553 402
847 528
721 402
890 53
139 753
250 212
127 142
53 823
231 220
749 671
535 484
24 958
950 234
279 298
616 748
174 68
219 557
473 717
442 260
957 675
575 884
887 934
788 951
112 522
757 470
707 673
634 643
463 351
175 715
604 303
993 224
461 778
528 171
859 667
182 108
864 115
516 644
314 28
578 801
105 113
324 405
40 996
788 260
456 229
554 31
11 239
29 872
395 322
110 365
524 413
104 838
671 350
929 299
285 356
38 585
55 549
233 787
557 355
81 426
86 383
797 276
532 103
879 136
938 346
25 739
579 68
413 412
821 15
548 713
316 585
704 967
959 177
302 652
783 362
198 557
894 990
716 426
702 237
256 950
985 447
964 97
682 121
795 906
374 157
963 592
967 136
806 836
49 957
783 266
972 369
758 422
647 843
197 397
86 483
421 326
387 74
762 28
874 562
925 982
272 640
674 401
92 539
258 165
875 164
767 402
533 694
805 177
460 914
120 835
415 414
770 187
809 327
989 646
226 435
728 817
250 573
969 9
272 311
550 606
898 23
866 643
528 583
172 272
841 967
861 412
793 100
372 255
550 824
261 599
499 244
929 469
362 836
38 651
3 724
959 447
51 812
328 859
238 450
246 857
483 441
745 46
413 94
660 65
272 770
857 843
856 812
401 527
347 375
555 170
773 383
868 947
782 455
750 443
952 494
644 760
972 977
705 714
822 936
547 559
877 972
493 963
792 390
924 131
773 589
415 792
454 822
518 751
703 289
264 841
818 525
30 917
456 854
899 980
667 336
26 584
189 44
89 887
697 745
250 420
500 438
201 45
692 820
454 99
539 139
580 821
799 597
856 53
322 657
145 360
772 737
781 91
677 742
454 269
662 806
918 412
442 333
210 801
432 363
947 444
585 831
421 557
79 1
893 494
610 417
490 64
334 497
210 67
508 444
715 918
185 903
984 753
154 906
123 33
720 651
839 589
793 241
171 709
188 765
851 295
618 102
529 735
141 785
660 263
533 255
718 53
756 488
93 939
142 625
141 866
668 649
831 335
462 742
889 698
484 122
711 741
927 952
971 632
772 639
111 197
204 361
902 238
928 405
871 719
217 722
254 727
368 610
555 150
281 833
928 260
378 455
34 667
109 437
609 789
753 491
812 654
579 173
591 786
727 587
338 872
778 669
854 96
380 511
807 794
791 625
973 622
632 848
235 547
570 650
539 329
978 811
226 68
726 793
365 156
631 916
64 134
807 837
84 201
639 441
344 182
472 363
364 201
245 122
670 166
249 127
798 567
692 959
914 401
75 919
297 401
390 630
357 737
415 449
795 303
923 274
131 621
249 857
286 438
508 738
789 453
130 194
125 434
512 982
234 30
571 373
220 93
167 582
499 398
651 317
45 102
728 664
544 470
866 570
300 52
12 448
238 374
637 525
591 156
298 533
805 271
284 960
509 859
160 470
45 409
198 917
604 136
205 211
389 412
281 515
627 454
20 152
349 852
902 202
635 979
547 649
161 454
859 235
271 9
640 517
81 367
523 400
134 182
865 987
423 979
579 137
617 478
936 518
398 55
920 563
575 477
13 932
400 439
218 418
87 851
429 564
91 705
863 103
757 992
578 245
448 466
286 982
38 347
701 249
317 240
948 406
770 946
645 466
46 161
572 249
723 895
886 473
135 917
307 694
175 500
878 813
348 968
996 940
641 673
736 353
590 636
130 166
888 412
709 82
693 893
875 886
931 936
500 134
681 561
441 436
793 911
560 910
970 205
391 98
413 934
604 479
827 120
186 96
495 222
614 160
707 990
105 112
306 649
71 907
77 59
873 193
406 717
375 997
158 21
825 760
157 195
930 69
290 484
579 438
546 21
547 724
159 538
590 218
481 796
171 184
526 578
198 659
860 548
293 741
316 586
483 203
925 480
786 806
56 119
650 27
21 967
216 820
319 678
801 163
621 482
911 930
538 312
661 663
846 653
722 871
509 972
216 236
568 1
950 895
554 60
956 760
39 692
148 669
299 587
908 635
175 84
433 605
415 581
491 483
143 746
572 456
636 413
403 601
61 77
799 435
505 67
73 520
770 999
718 977
188 432
428 298
227 650
959 709
253 662
951 597
232 774
853 307
606 21
308 888
662 795
754 792
21 633
900 566
631 531
724 183
912 73
586 176
614 502
296 702
794 421
572 4
651 500
651 722
440 937
516 746
404 204
477 402
25 17
387 918
163 191
291 370
76 932
883 236
833 967
732 31
115 7
43 290
371 945
885 166
585 299
238 451
741 424
155 797
851 616
730 667
953 184
1000 253
29 109
450 194
587 911
414 953
56 821
937 748
554 500
556 898
261 42
191 169
123 239
125 949
290 746
610 727
57 205
664 291
385 710
63 483
79 165
203 228
994 745
901 107
726 16
394 751
783 75
416 112
493 851
492 13
554 16
113 320
403 516
795 774
100 155
302 506
359 767
684 663
297 154
173 631
84 182
156 843
970 682
861 906
735 324
26 363
249 98
503 685
287 951
170 970
157 948
550 201
250 380
757 107
81 762
390 538
120 153
564 938
535 156
723 164
483 907
390 693
338 122
68 279
589 755
721 571
55 406
136 803
871 181
421 782
996 602
742 418
779 436
152 175
214 523
287 853
716 841
703 605
285 340
513 343
523 762
660 256
880 382
789 100
495 391
861 713
209 26
615 406
655 527
710 440
371 8
993 634
816 925
484 123
431 604
358 532
15 285
560 402
873 877
363 779
473 383
369 446
721 161
939 118
824 214
350 934
636 75
911 117
164 686
570 937
166 20
369 152
69 727
844 399
976 287
504 752
434 295
164 396
40 882
973 766
425 952
706 475
924 390
529 306
947 991
87 848
580 195
442 664
64 135
213 810
641 777
150 567
202 61
899 209
177 720
745 877
429 770
338 537
849 831
848 662
447 866
302 99
359 86
909 420
240 678
439 478
743 401
789 452
441 43
259 108
980 337
49 17
927 458
519 748
634 732
304 161
784 219
895 810
1 199
718 372
521 792
336 722
263 67
746 5
11 329
533 161
480 548
917 66
223 847
98 768
798 351
50 671
971 825
309 434
348 472
566 947
423 398
320 917
10 113
798 238
125 170
141 901
401 692
453 883
682 591
100 504
928 579
579 190
582 720
660 122
332 219
738 898
950 711
826 465
870 561
982 212
358 786
844 205
864 755
332 441
13 594
658 265
552 893
61 838
389 863
818 579
322 274
765 574
179 391
752 451
914 46
95 123
79 614
668 193
704 62
618 832
804 513
182 917
810 382
795 206
833 55
541 510
230 929
601 19
640 491
308 583
75 852
633 674
61 153
322 679
435 380
933 453
796 835
511 276
639 301
841 382
53 934
921 438
540 344
945 264
446 815
948 693
770 213
843 425
160 875
59 134
776 638
580 556
227 988
31 212
947 503
931 986
754 983
456 669
187 58
617 545
135 186
444 29
396 294
71 868
241 789
831 706
304 77
181 441
202 612
422 957
873 489
529 533
219 235
737 362
538 877
668 812
877 1000
113 573
920 37
601 912
290 568
767 739
39 226
168 985
688 144
967 582
604 796
109 346
825 985
828 326
475 848
973 241
42 277
563 684
906 2
219 343
510 890
955 731
425 308
229 978
341 232
747 925
701 747
523 524
337 625
893 680
860 843
29 460
602 446
971 79
60 422
391 31
338 704
778 549
394 810
566 652
2 491
97 943
957 1
262 338
264 306
416 733
326 48
438 670
682 296
226 252
307 357
736 689
739 294
156 518
477 418
487 717
398 767
572 158
269 500
326 319
960 184
814 199
838 185
269 882
953 801
220 456
531 116
408 281
429 509
500 822
805 755
650 692
297 932
980 623
328 916
125 112
789 79
872 524
738 604
581 813
837 691
38 536
563 263
738 707
625 47
933 254
603 410
17 787
285 689
237 888
298 780
768 228
41 462
57 99
664 437
313 201
545 502
798 960
932 730
927 740
652 977
635 779
262 653
70 570
551 9
350 858
631 255
834 31
584 554
269 496
198 414
146 125
442 932
665 815
192 707
161 600
597 157
66 855
2 463
274 360
312 587
810 310
253 712
967 396
737 667
151 67
620 48
235 82
640 776
442 472
443 897
562 505
301 355
541 410
486 801
782 722
876 217
968 211
53 926
611 128
476 207
331 724
353 124
916 83
59 206
991 585
741 934
997 524
154 246
463 352
175 540
481 602
861 77
258 344
816 338
724 827
118 606
871 180
103 270
822 344
415 146
37 748
521 995
210 208
115 711
788 335
550 858
628 14
161 777
333 150
760 126
867 930
928 858
485 43
694 177
828 975
868 748
67 391
823 836
972 642
578 521
134 235
59 572
998 490
357 498
414 779
789 837
970 583
59 616
189 537
141 815
998 581
581 547
683 329
181 949
88 547
251 945
323 476
342 104
848 45
616 25
320 630
63 262
894 788
350 822
229 783
860 394
782 195
711 299
89 40
677 407
824 53
184 340
460 385
488 391
83 582
63 70
424 970
364 37
290 832
330 917
360 906
725 108
853 39
946 331
945 617
307 447
925 483
819 262
151 259
207 414
502 302
106 527
396 255
810 445
939 723
923 246
961 831
691 82
806 426
468 531
895 146
520 874
903 537
265 881
875 110
514 344
738 186
421 638
595 287
194 41
410 193
283 629
268 864
434 763
608 658
202 367
244 38
780 10
177 91
416 211
839 745
159 869
665 254
753 286
784 220
861 450
789 165
968 24
861 371
665 24
99 884
18 340
548 355
111 5
77 181
831 284
462 337
822 241
539 973
59 519
873 191
466 767
750 279
647 559
924 484
169 544
8 738
760 743
501 763
872 481
342 5
509 556
95 823
441 820
133 22
914 727
570 987
294 235
5 108
99 385
216 355
895 749
640 261
80 306
118 286
171 542
667 263
680 609
113 190
973 528
26 543
516 524
114 544
939 529
333 770
624 925
201 700
757 927
739 444
870 662
496 383
832 249
123 560
40 28
391 297
398 659
794 220
466 125
249 891
236 535
834 155
417 560
223 908
168 414
866 621
45 72
260 499
824 885
401 996
608 924
715 848
367 429
244 472
483 672
120 230
239 231
884 232
578 943
903 86
251 573
430 732
803 322
399 279
992 281
104 841
266 504
565 708
416 453
396 529
773 503
132 513
684 214
980 921
855 339
642 766
901 339
596 925
664 769
617 158
338 657
826 498
829 529
539 297
983 296
6 208
460 235
668 256
373 518
798 647
160 23
74 613
296 439
999 679
156 67
194 266
506 8
109 157
401 108
408 896
66 880
123 257
239 899
5 755
672 400
340 1
745 544
297 205
635 283
757 228
44 657
482 962
304 558
925 836
13 394
288 631
37 260
131 963
909 208
770 182
882 692
689 814
46 928
162 678
275 893
499 475
392 959
796 757
84 711
270 896
490 250
254 147
774 496
888 41
124 619
106 426
306 728
366 920
628 43
345 739
676 865
399 506
20 909
974 74
101 230
488 245
675 171
287 657
200 265
916 71
186 356
538 753
428 489
372 598
397 886
377 868
760 688
797 501
176 457
582 793
324 569
529 61
124 503
854 377
233 609
363 702
46 206
220 873
282 680
337 707
947 694
30 766
678 826
181 882
644 382
630 515
555 343
34 596
187 874
602 403
622 854
551 366
203 452
900 38
94 684
761 562
687 798
857 71
179 111
628 774
369 941
813 916
106 552
253 711
99 758
805 112
329 271
826 957
607 438
943 230
108 221
349 66
933 412
283 763
128 696
18 516
827 998
859 542
813 711
465 601
283 616
802 696
816 755
888 359
843 759
806 80
162 714
220 116
537 302
791 353
558 84
968 366
990 891
713 845
991 878
462 88
174 184
67 360
769 252
387 743
435 992
585 247
153 343
882 430
126 209
201 248
635 746
409 622
413 142
15 750
834 646
665 349
775 224
542 245
178 288
476 32
90 220
349 845
868 963
254 15
104 16
124 51
381 604
958 114
935 111
811 37
151 732
81 256
544 632
565 990
911 198
492 318
134 421
617 487
66 103
745 470
769 602
312 923
818 605
181 711
853 181
781 440
765 905
658 453
697 665
113 354
630 265
569 878
784 627
527 805
820 337
790 569
370 622
593 937
47 448
543 902
107 221
658 231
326 121
37 250
813 521
174 957
235 49
731 852
843 318
272 920
188 233
356 439
482 906
447 876
6 901
36 53
364 490
960 225
210 768
463 470
391 341
947 413
508 765
201 195
718 600
685 369
758 937
851 121
250 624
125 356
737 98
975 472
617 724
262 244
907 136
576 514
242 659
225 423
944 403
690 747
871 554
590 839
194 577
103 531
766 209
57 335
298 675
315 515
617 903
499 856
357 388
105 187
489 276
110 196
973 122
367 223
439 674
544 934
707 146
66 310
431 626
142 707
289 29
860 428
807 247
955 576
636 395
104 12
546 127
547 650
398 280
471 738
554 217
742 539
398 395
882 918
373 545
768 459
19 195
899 869
463 592
104 441
948 204
787 989
46 706
425 9
355 200
874 824
195 915
288 287
342 966
291 592
769 832
934 186
293 2
296 250
957 251
388 298
389 639
439 357
917 861
207 381
245 170
62 592
258 474
843 333
41 219
973 962
675 532
178 36
71 435
808 115
775 561
763 515
809 367
303 541
954 423
576 413
318 774
173 1
106 36
159 50
235 456
128 910
383 592
3 478
651 346
779 353
205 834
737 255
888 125
484 328
730 608
582 385
73 663
805 686
220 322
849 374
43 315
850 969
135 491
584 229
932 551
404 504
977 458
693 318
220 608
243 257
996 193
229 254
36 583
678 573
886 688
613 88
467 866
319 973
547 678
898 772
332 72
43 903
834 902
962 243
555 366
824 144
454 959
845 262
646 313
719 531
839 296
677 477
900 188
204 225
702 96
133 299
373 694
891 57
964 827
566 531
53 452
653 693
468 973
587 433
143 759
790 630
459 770
905 444
210 836
800 198
468 60
252 987
179 924
535 294
4 318
246 249
249 75
144 169
838 161
734 66
973 998
45 743
581 437
782 756
491 147
24 926
314 941
705 505
541 659
291 136
187 491
371 374
689 813
120 900
413 613
608 859
724 801
248 90
656 65
533 773
991 885
903 151
379 11
193 108
846 487
43 406
655 647
346 333
478 534
699 195
833 885
679 214
712 503
135 883
603 367
585 296
162 107
24 231
578 594
992 237
998 607
759 921
33 216
329 865
844 128
65 815
636 34
948 102
824 172
165 348
276 539
26 690
243 680
389 772
854 88
365 197
522 750
688 762
283 190
963 560
216 203
805 285
754 375
424 681
353 438
431 223
70 885
667 453
523 921
141 559
753 774
937 79
548 662
268 415
948 585
258 133
277 423
294 591
581 425
457 35
754 827
663 87
22 69
691 720
875 21
555 915
420 256
666 472
903 469
318 847
687 450
301 3
429 78
638 308
659 913
417 526
783 863
533 936
515 213
392 860
153 721
332 590
747 364
374 865
834 176
349 648
421 779
775 940
466 868
340 957
676 823
823 928
98 891
962 708
524 323
537 248
534 441
431 1000
416 415
396 861
716 554
328 891
755 52
846 157
99 568
595 927
194 796
285 115
965 610
824 598
533 477
594 285
81 502
771 636
323 305
622 311
894 568
327 361
705 569
632 519
483 183
127 45
420 684
169 996
385 807
762 557
840 52
438 408
96 819
79 756
952 824
118 163
106 383
38 269
154 579
77 147
274 315
757 520
669 706
394 992
148 918
536 649
847 571
959 309
796 203
710 257
268 300
841 502
221 332
810 443
796 890
429 895
965 861
911 603
631 893
93 178
256 31
439 426
500 180
836 718
790 139
376 489
802 733
333 479
732 926
589 771
111 579
988 588
240 552
59 236
921 249
928 450
561 290
136 883
908 465
452 981
14 884
552 443
382 402
119 837
449 889
785 555
664 900
167 723
738 525
837 607
137 516
284 941
121 629
495 686
480 724
651 31
811 981
370 191
33 390
923 221
469 624
539 975
370 14
902 63
512 389
345 500
534 554
994 987
851 658
677 880
160 815
950 730
185 460
21 574
578 269
781 872
777 775
308 14
165 387
402 55
802 409
482 265
739 883
317 441
445 228
28 12
491 146
218 430
165 229
260 207
745 720
378 40
588 939
610 879
256 830
169 115
248 532
728 286
692 889
956 822
937 713
729 244
469 433
877 468
92 524
376 434
350 364
376 295
874 618
601 306
340 450
14 647
888 259
199 535
793 704
371 492
676 139
325 35
549 167
990 303
224 218
975 153
316 298
763 755
401 417
605 236
608 688
883 502
420 344
974 803
567 848
318 21
3 449
941 123
603 847
276 494
279 741
357 197
929 460
955 272
703 662
261 399
281 449
263 305
11 216
51 983
603 258
515 149
586 604
202 837
996 371
544 852
64 878
449 528
622 397
72 297
988 719
826 158
812 413
364 808
835 68
693 174
473 267
897 441
461 474
15 831
412 162
824 290
635 864
621 333
638 629
606 796
234 871
419 907
705 658
561 362
992 144
502 936
527 457
420 587
454 996
545 186
138 752
602 445
171 533
269 346
291 766
454 862
408 898
247 781
675 836
955 59
805 457
112 16
520 119
994 402
867 128
530 80
535 289
960 413
155 189
448 161
710 329
657 83
539 83
328 422
1 576
885 78
460 911
536 999
269 305
344 912
409 84
747 272
112 555
63 740
884 40
893 806
641 419
789 219
841 804
897 74
544 769
957 191
469 533
620 704
932 580
845 229
125 879
860 486
590 139
593 229
521 384
812 385
138 848
546 53
216 656
582 799
697 199
937 720
318 121
212 964
195 302
603 189
977 864
526 113
159 792
700 960
195 588
877 88
787 144
200 854
579 978
692 19
808 496
408 926
247 785
819 144
979 470
299 824
782 951
343 839
199 803
148 932
784 823
732 661
933 410
420 35
538 458
403 855
26 230
553 220
818 74
70 167
883 656
349 116
603 325
150 15
23 247
732 955
155 212
664 651
701 880
101 580
67 588
983 618
766 334
345 946
804 111
435 708
358 460
324 52
552 555
297 240
226 879
375 651
871 774
642 864
591 135
378 816
171 312
779 900
120 288
106 287
148 88
392 522
217 571
436 851
807 380
60 967
8 634
688 154
889 701
410 846
86 791
955 377
821 416
767 676
110 153
312 208
366 7
204 358
422 309
116 618
355 786
427 129
980 979
432 537
324 543
436 113
702 332
777 155
869 485
427 286
321 311
507 508
973 220
702 512
56 68
811 436
388 131
249 965
82 872
691 618
319 661
344 383
903 543
328 563
960 537
62 201
601 793
51 376
950 904
493 819
757 614
955 994
190 877
193 31
660 533
147 698
313 678
66 950
753 507
687 163
911 644
734 505
257 747
22 917
245 212
905 507
445 274
16 286
307 305
843 163
292 443
369 728
387 393
158 349
482 793
581 507
396 73
469 525
382 806
255 60
827 919
754 717
357 599
260 296
804 429
970 949
964 491
993 508
351 755
743 168
114 393
989 104
576 435
21 587
614 351
391 228
728 750
15 776
144 303
606 755
257 192
224 29
296 634
443 253
466 182
305 252
418 949
383 527
911 785
675 7
931 145
127 522
977 339
393 738
508 163
163 968
470 867
124 917
437 26
722 312
621 582
551 799
254 613
186 653
332 423
959 10
963 975
986 116
843 549
754 146
730 113
345 149
398 393
881 507
664 287
60 696
619 471
493 902
846 698
928 3
342 380
218 431
327 3
75 106
977 586
526 167
85 61
435 162
471 800
610 876
592 303
965 202
207 462
734 469
490 234
500 491
736 681
329 197
740 989
391 405
321 633
143 800
644 795
351 589
597 805
600 247
858 999
838 81
219 547
143 849
610 400
349 444
79 87
173 238
869 861
103 109
982 848
496 943
867 688
119 955
466 11
894 219
806 10
71 864
701 553
542 631
751 423
842 449
150 384
393 653
488 781
768 847
751 276
243 229
659 535
327 889
251 687
17 811
312 281
602 295
370 51
250 880
670 4
907 370
871 701
858 236
825 989
238 10
651 873
413 406
530 911
170 750
510 894
321 255
484 312
246 307
446 337
623 371
166 80
721 399
5 478
208 742
198 449
19 334
98 237
282 996
709 987
729 53
485 919
758 385
991 413
867 131
482 255
529 510
105 924
952 899
226 248
482 878
66 529
896 950
182 663
312 542
771 470
75 965
353 251
425 662
321 581
516 940
749 637
71 401
166 623
410 149
549 166
789 407
992 781
573 288
900 528
334 364
372 39
634 318
11 827
837 123
268 170
145 561
455 788
331 778
887 817
46 275
470 751
148 359
611 723
653 426
475 244
828 832
870 479
565 515
823 975
707 846
391 867
214 450
96 493
168 810
243 366
464 129
245 772
565 805
626 789
32 993
134 170
85 448
693 129
270 370
534 979
739 607
885 965
63 409
695 580
958 142
462 985
931 658
513 709
623 294
570 926
899 572
475 606
189 324
134 591
691 702
194 506
868 996
570 513
165 299
682 71
665 819
178 934
431 104
187 988
351 193
360 684
865 593
796 225
84 179
156 832
514 558
878 541
572 344
502 643
44 737
425 865
482 882
320 89
761 902
141 101
344 847
473 621
297 447
45 713
157 911
966 392
107 16
259 729
291 217
644 723
386 255
23 246
885 191
31 795
898 66
520 592
64 380
762 399
926 524
419 202
386 180
171 950
323 870
127 931
345 802
839 662
442 24
300 78
207 928
362 787
309 296
36 464
125 597
441 352
974 58
277 376
154 519
46 521
861 52
788 314
447 495
863 919
891 277
975 60
751 34
299 445
379 139
821 464
830 262
9 224
13 728
858 87
329 771
403 472
852 748
707 358
639 867
645 36
613 880
504 646
177 106
113 150
531 426
208 686
635 9
29 432
805 319
164 393
339 677
450 534
547 199
772 223
694 362
50 483
899 212
629 381
667 80
705 133
689 568
529 87
605 484
474 870
808 154
75 80
667 193
904 653
335 119
107 508
718 556
865 200
421 634
525 116
651 418
876 479
435 803
590 661
650 534
926 763
961 643
271 443
770 415
564 871
737 259
784 367
289 839
586 983
619 626
556 259
78 75
816 80
362 646
290 107
24 3
449 522
464 515
73 986
993 665
919 427
206 862
299 8
119 395
988 991
654 120
713 522
117 870
25 520
397 524
270 298
969 857
533 352
682 874
593 445
167 230
354 491
872 116
532 168
411 769
599 336
768 462
151 963
2 476
423 559
597 224
601 229
963 522
607 937
143 668
526 197
845 863
596 424
302 342
341 275
57 708
568 312
643 166
790 331
969 4
658 857
272 36
991 873
795 400
804 450
537 713
884 816
799 329
729 517
541 354
455 819
439 174
391 203
305 142
767 170
490 130
686 196
600 389
354 740
447 321
204 982
611 244
168 672
806 667
552 582
366 226
24 31
812 8
320 785
300 308
263 320
157 221
752 969
414 820
988 713
775 293
229 251
525 830
472 544
380 121
808 986
806 581
552 868
845 33
437 439
189 605
501 825
229 844
982 154
565 994
695 611
293 751
848 90
941 991
946 715
858 15
626 35
354 382
796 329
320 434
517 33
846 663
164 943
448 278
263 917
51 179
330 838
331 227
904 9
655 292
235 847
853 475
232 76
144 797
411 488
109 693
867 275
979 429
62 627
526 418
641 884
288 540
911 620
130 499
166 541
297 322
482 990
818 932
533 703
53 968
165 731
439 492
478 402
481 158
500 238
407 882
69 127
469 693
849 651
244 235
83 47
525 444
818 134
841 127
561 360
19 191
653 344
20 683
607 657
84 562
993 886
284 919
231 530
694 174
521 158
815 974
137 723
603 352
71 724
583 749
788 406
129 791
656 512
968 818
941 545
51 723
743 586
492 583
777 15
626 453
100 12
851 844
526 544
893 473
142 809
665 528
1000 448
839 376
231 786
338 895
229 578
950 765
644 265
367 724
170 368
498 549
890 291
283 179
122 137
913 280
92 801
492 11
184 300
830 167
684 656
757 930
709 591
965 725
202 3
866 122
80 683
598 429
356 776
145 353
701 940
624 480
946 21
32 65
260 44
611 899
631 604
486 949
754 905
500 113
289 600
14 76
58 279
443 211
63 538
541 918
414 432
549 443
685 259
662 138
295 390
315 285
667 544
483 879
619 299
90 535
241 847
776 1000
580 150
564 819
949 602
94 966
966 399
314 334
941 355
547 948
507 339
15 746
417 79
54 132
494 79
815 851
1000 176
660 108
169 719
205 185
315 646
146 297
951 219
972 925
441 803
797 70
194 61
693 21
316 520
118 388
464 283
160 228
414 697
825 246
863 814
529 716
999 666
138 551
394 653
973 615
77 562
460 446
173 691
212 303
639 576
913 260
696 244
827 713
97 633
575 644
359 281
584 809
587 122
769 80
639 422
800 368
966 45
89 751
491 207
330 195
334 651
390 617
835 918
966 444
970 947
679 793
115 536
166 692
613 876
681 333
778 895
344 824
409 18
859 518
236 959
496 788
873 358
908 419
803 79
756 429
879 696
185 932
883 317
901 934
295 411
794 278
541 97
358 377
128 196
276 68
577 831
824 700
368 840
901 600
793 327
613 334
635 650
172 132
780 587
248 211
78 362
635 526
467 989
253 602
565 796
582 714
108 921
254 619
156 295
416 156
548 733
73 954
54 386
148 730
172 569
1000 74
931 747
566 489
631 269
762 588
941 779
1000 473
600 928
659 38
271 308
277 951
596 715
613 659
706 23
310 914
678 977
644 193
60 408
65 54
999 527
691 358
217 243
41 61
503 589
285 698
183 627
247 461
923 56
563 209
467 228
503 738
918 381
387 487
580 884
840 729
719 274
211 4
685 431
558 839
109 649
629 114
260 669
13 262
27 698
391 181
482 652
466 9
414 377
325 322
182 245
685 226
438 829
690 312
16 855
220 431
980 593
855 327
968 57
537 4
793 178
521 208
334 210
462 263
500 766
393 796
310 731
238 302
521 536
149 327
421 972
232 131
674 486
507 283
949 160
271 852
337 824
156 404
341 912
512 100
73 838
316 722
133 996
315 769
54 845
158 329
198 650
414 983
626 209
111 363
665 571
812 702
471 627
302 519
764 438
894 849
787 121
498 574
798 539
342 887
933 816
554 39
238 580
522 601
389 974
714 34
550 59
499 405
256 797
76 839
403 606
942 689
523 881
431 180
624 958
363 162
847 764
215 556
297 304
441 556
47 388
346 856
647 932
683 644
870 518
203 108
785 180
199 70
269 876
978 64
311 648
392 981
27 646
233 381
664 545
662 124
979 1000
687 411
619 433
712 749
675 483
552 374
440 944
2 843
756 254
832 646
7 478
358 438
715 883
591 172
205 289
388 711
650 702
47 242
634 897
820 706
983 790
548 337
128 140
884 694
359 700
936 755
521 683
738 675
557 157
765 90
975 547
530 698
237 882
441 917
349 868
644 96
946 906
671 459
159 743
442 824
533 310
204 460
962 160
798 970
643 510
481 278
19 33
646 142
812 674
706 189
869 351
856 594
882 752
655 244
579 589
381 661
700 963
908 557
649 11
636 173
817 845
730 166
714 739
995 22
818 517
801 305
97 963
757 560
224 821
515 725
744 677
729 23
748 853
718 901
238 723
596 481
796 227
691 463
984 67
235 955
143 580
148 850
168 112
900 321
667 118
724 397
269 942
257 728
740 919
463 72
980 102
249 980
849 869
601 994
728 870
583 472
879 486
666 36
391 253
788 631
236 596
296 641
10 403
92 575
840 350
343 373
434 563
238 511
184 562
603 673
395 420
716 832
272 553
628 20
150 590
873 427
769 878
341 645
983 826
881 912
789 109
123 512
669 455
997 970
609 540
600 668
360 385
103 635
803 738
224 688
685 861
530 670
162 250
453 809
350 655
884 451
43 37
713 765
806 386
493 125
845 488
726 341
808 135
113 938
403 474
759 279
118 389
892 180
714 692
237 9
673 114
260 64
931 387
374 162
269 270
53 407
728 938
991 49
148 661
597 202
374 221
14 482
566 735
211 72
705 121
463 921
355 288
857 934
453 950
592 469
227 378
126 588
127 157
454 71
899 214
684 864
44 711
49 735
549 26
75 911
168 251
973 938
776 506
425 748
616 761
434 866
827 793
541 855
266 571
957 519
483 940
965 12
215 509
382 406
419 232
489 994
573 471
645 954
367 986
447 734
491 522
872 555
869 292
729 890
876 445
842 571
366 853
223 692
329 824
618 66
436 196
399 313
935 347
367 117
871 517
767 756
806 716
663 793
869 36
263 495
273 619
698 444
65 969
475 762
39 469
694 723
99 425
627 748
795 520
446 440
42 895
731 346
931 929
10 863
860 894
132 111
333 986
464 663
143 361
716 157
919 472
616 281
972 101
123 379
145 125
436 404
22 965
355 348
231 497
527 772
269 20
717 662
13 15
935 902
883 815
40 634
581 476
643 57
444 380
780 454
784 897
749 551
127 919
199 522
166 721
101 520
743 201
358 169
415 50
105 873
537 395
324 248
276 473
662 192
64 725
230 198
367 427
115 130
917 10
485 28
508 339
988 933
720 587
114 745
985 857
533 63
6 81
523 121
119 504
489 763
306 995
4 562
371 763
778 25
74 826
881 698
845 479
830 333
371 616
911 148
21 389
229 987
892 141
909 275
694 703
293 382
688 190
647 527
797 190
35 907
90 290
790 809
312 856
867 138
307 223
293 80
226 917
703 389
763 230
341 324
342 999
878 661
348 608
790 523
406 256
248 564
563 191
30 60
182 763
771 330
347 972
688 114
62 625
924 372
446 912
553 6
518 836
403 945
335 440
391 506
487 77
607 364
420 410
499 643
282 833
706 943
121 245
712 560
767 106
516 444
184 829
650 970
997 529
11 828
603 934
701 729
297 755
135 151
598 835
988 107
571 181
383 627
791 456
374 313
979 856
764 706
999 293
18 680
845 959
385 225
225 482
784 425
513 237
312 474
669 482
872 754
559 946
854 550
929 349
747 562
788 400
95 493
423 79
525 975
488 10
786 721
894 694
332 139
974 366
212 849
546 49
601 305
68 669
626 867
661 352
742 597
985 704
470 392
971 437
220 871
377 624
443 919
864 690
904 201
742 695
865 356
463 88
472 203
660 654
725 480
319 595
412 471
549 690
170 910
443 587
503 391
962 456
926 933
41 116
900 948
88 57
888 744
348 763
311 481
207 304
135 567
66 624
53 886
45 710
249 946
11 634
840 530
657 733
550 657
98 304
301 493
999 26
590 525
58 674
525 126
405 447
387 732
67 560
139 367
770 7
384 374
738 499
405 32
555 58
601 933
367 1000
758 609
620 514
76 736
205 452
881 296
979 741
600 750
12 420
548 374
822 125
936 720
370 148
484 156
48 609
845 133
890 798
742 791
755 168
941 515
564 450
363 771
364 600
38 793
475 657
242 188
851 23
372 783
907 524
857 489
894 908
868 47
951 927
377 524
506 360
184 236
934 439
367 689
955 905
599 318
251 148
968 748
661 727
386 747
139 993
545 870
838 685
855 513
967 75
365 501
682 457
614 900
759 165
156 816
933 88
257 751
844 357
701 236
313 795
866 616
306 116
748 917
314 603
369 732
960 473
600 112
987 816
14 684
98 357
253 967
269 802
148 597
6 671
634 258
376 494
139 314
231 912
433 89
490 26
733 462
261 867
337 493
182 777
174 272
414 259
438 133
561 438
708 291
348 744
641 382
9 602
628 506
611 748
617 879
58 11
42 628
149 100
525 565
33 351
305 466
419 598
258 792
462 344
599 809
980 797
350 729
8 538
850 769
817 456
929 246
911 258
390 116
698 445
99 680
6 404
746 449
360 156
843 729
823 583
542 501
156 336
358 778
659 187
915 37
561 685
212 623
963 721
360 954
126 941
126 94
226 119
521 15
631 188
448 269
468 832
325 601
970 333
321 930
782 81
418 158
551 300
632 996
799 758
248 584
451 924
839 241
787 938
183 589
165 962
477 848
406 468
9 558
528 586
182 655
562 297
288 610
136 566
748 467
586 50
288 721
870 890
235 305
844 845
538 32
405 503
974 449
399 196
568 887
243 494
400 665
441 451
3 452
576 258
355 659
337 370
599 638
84 537
872 263
99 776
727 410
431 841
432 153
984 918
16 984
492 809
185 823
707 854
121 645
256 6
58 158
134 27
124 403
25 632
924 636
285 54
637 889
935 92
901 348
705 587
116 686
66 391
217 785
5 56
78 614
850 519
445 801
835 361
792 436
613 804
961 259
389 810
375 465
752 392
493 870
242 422
484 639
359 637
346 632
455 430
833 122
869 620
286 936
160 268
622 812
904 923
502 254
32 822
52 697
681 207
610 255
277 540
957 394
316 118
656 183
986 682
562 461
235 255
163 362
74 179
467 779
847 284
249 943
736 407
184 830
10 618
541 798
727 747
818 133
948 768
993 42
810 801
357 770
434 525
642 230
646 550
386 424
577 987
414 490
461 866
202 896
258 622
685 85
667 758
63 961
939 137
182 381
244 575
54 12
592 611
385 273
116 893
906 917
524 292
120 975
855 474
281 999
718 86
99 514
560 16
724 739
625 743
922 172
384 838
192 535
484 991
447 213
90 114
753 402
961 706
531 847
56 173
80 211
557 607
541 122
9 89
449 386
53 256
221 958
617 413
270 3
643 551
990 882
627 596
526 762
430 928
456 208
532 388
833 70
18 200
251 489
291 622
537 842
668 341
368 139
701 199
929 823
922 660
230 609
344 164
416 753
662 722
169 479
904 774
756 784
744 581
283 323
378 847
492 236
625 454
303 242
338 337
144 537
909 156
590 526
923 256
136 974
429 55
583 474
685 262
172 351
279 469
121 257
323 733
659 919
876 503
89 803
73 486
183 121
422 787
810 773
336 592
944 287
466 207
710 874
159 240
254 182
590 812
827 74
462 419
875 710
951 229
111 888
893 950
716 977
552 626
359 699
21 465
865 767
388 352
462 381
910 977
750 656
249 367
868 891
764 820
926 95
829 880
955 573
674 159
682 882
938 280
955 682
740 140
622 168
273 687
268 304
437 340
638 98
204 65
497 457
507 144
455 80
596 690
759 390
65 190
801 354
252 708
15 216
436 259
665 787
388 430
400 468
41 454
868 413
122 27
50 475
235 314
644 14
477 843
444 109
705 232
726 646
140 285
69 385
471 362
128 237
339 601
903 640
743 449
671 612
502 223
987 819
970 47
255 59
224 325
724 18
417 706
533 756
862 352
461 569
799 337
782 545
709 511
951 442
59 226
921 195
461 650
957 517
942 171
46 476
528 43
875 900
435 807
534 113
917 375
966 100
558 123
542 540
580 471
619 379
750 995
36 353
128 873
153 395
232 396
914 986
242 797
719 861
315 683
767 609
935 341
521 737
59 686
613 331
600 890
289 115
695 893
342 743
578 613
940 380
523 172
228 558
