810 1102
463 76
596 473
542 672
392 172
102 235
608 723
320 544
608 672
523 777
112 603
650 174
692 201
198 685
361 302
81 494
431 506
218 116
566 728
361 162
102 92
212 63
712 736
583 216
483 809
596 64
643 712
264 382
717 444
549 207
109 306
763 227
130 514
242 149
777 723
484 638
742 711
770 733
724 236
687 472
293 92
22 630
25 755
145 513
429 528
730 639
51 623
205 727
108 465
270 547
554 82
476 422
538 18
304 710
80 522
398 656
786 482
669 809
38 247
734 744
228 247
351 717
552 604
783 392
696 192
469 316
37 712
259 143
179 221
186 416
491 610
46 519
600 686
439 649
326 624
397 375
487 778
386 627
754 629
50 382
222 167
386 484
415 586
336 396
323 47
664 691
241 531
710 212
595 784
103 447
757 405
522 757
127 346
336 726
36 780
127 792
473 5
302 437
535 225
468 338
534 449
449 799
341 690
358 773
419 792
295 803
540 572
2 572
144 399
109 103
252 554
680 437
626 688
714 616
128 524
339 527
653 423
50 51
745 209
618 97
383 601
95 628
172 138
773 540
457 51
380 281
200 219
138 354
44 533
235 487
527 752
612 92
750 304
527 258
357 653
268 613
723 153
483 595
650 720
205 276
567 455
327 610
16 26
174 60
498 749
725 751
152 615
797 787
453 582
569 278
467 145
54 208
751 710
128 704
456 282
515 595
797 163
184 449
425 645
56 389
775 386
809 749
147 786
294 466
782 592
115 560
138 166
133 9
301 476
297 467
480 12
254 316
335 134
52 169
711 411
586 311
525 329
321 608
92 344
236 585
718 776
12 72
445 497
469 372
761 639
613 742
487 792
748 103
125 693
162 564
754 263
241 277
552 115
460 755
800 498
642 98
707 48
267 445
176 736
40 527
332 130
13 332
419 473
377 126
337 192
405 482
573 60
24 138
54 467
405 105
717 636
4 684
486 215
111 425
666 583
650 470
515 516
704 425
228 331
779 233
436 212
342 215
52 630
651 222
762 250
799 403
400 104
247 393
309 788
455 530
732 246
737 517
144 448
173 658
359 683
699 141
594 628
167 98
376 606
64 443
447 565
510 111
380 62
330 497
289 240
323 427
425 60
350 632
638 363
43 474
733 784
574 402
116 242
117 165
737 639
235 489
723 70
648 801
762 707
448 59
179 270
178 36
264 339
56 8
161 678
771 781
524 464
703 616
536 234
359 553
443 528
669 487
145 796
301 629
222 188
54 44
454 505
319 152
165 679
205 808
268 602
755 140
184 779
93 680
809 44
49 207
519 3
98 190
394 11
88 646
196 431
91 293
99 276
592 450
477 168
233 727
213 746
659 526
314 650
589 350
1 161
112 167
536 562
515 296
282 212
642 476
2 498
347 504
601 293
131 117
744 713
670 284
32 400
538 64
503 699
526 617
238 770
367 602
590 277
329 724
424 460
513 474
465 683
589 154
737 753
306 753
688 60
455 382
740 92
115 67
741 283
139 88
474 528
461 703
84 785
62 429
544 250
559 589
429 642
161 313
650 241
639 672
793 595
168 298
96 267
287 186
30 609
589 433
284 783
783 509
20 457
19 608
782 500
517 35
41 428
121 509
284 148
20 419
561 170
360 598
572 215
74 752
765 800
59 135
372 332
61 34
185 353
248 535
570 522
596 645
729 515
1 126
441 375
250 687
266 197
274 569
243 134
356 712
663 514
208 498
356 429
574 347
544 16
394 489
65 732
621 659
598 348
416 643
793 810
421 553
33 91
477 562
616 217
514 722
618 583
3 151
729 655
392 767
401 287
346 391
539 277
736 165
799 727
199 369
739 359
516 479
56 790
229 360
221 283
130 135
518 356
581 272
237 291
645 647
16 802
628 235
554 408
615 677
1 105
704 509
420 530
237 542
268 458
730 780
645 9
76 547
617 475
508 158
150 123
406 684
487 774
512 568
680 373
603 781
432 129
312 131
221 471
247 378
590 767
404 47
672 40
505 201
688 487
202 516
84 739
290 672
308 565
434 344
33 695
245 810
220 483
355 63
565 452
90 427
810 372
654 725
300 444
780 425
313 200
612 779
130 578
158 507
198 708
217 327
738 166
175 118
694 598
105 258
117 482
98 606
674 331
160 219
328 575
676 240
727 212
52 476
284 142
372 15
463 368
498 84
579 453
252 146
498 205
198 58
639 744
199 783
174 677
238 798
9 85
291 587
399 271
310 487
215 402
270 297
668 248
626 32
690 353
81 147
275 390
561 500
583 395
142 108
641 232
182 658
498 508
216 86
616 98
208 593
286 280
744 87
25 205
129 557
79 473
149 148
419 255
331 147
118 434
500 105
725 197
169 229
460 744
443 380
63 87
548 265
262 189
556 788
186 470
281 678
91 176
672 395
266 110
364 664
337 532
88 439
51 567
562 501
249 419
117 370
249 606
343 467
583 117
616 236
676 111
283 117
407 663
26 290
481 459
118 68
576 267
777 703
93 78
741 129
135 361
155 224
783 283
408 208
688 517
333 280
471 508
370 376
7 135
457 119
788 334
14 109
182 191
391 183
809 713
246 448
650 694
360 461
133 592
306 578
350 253
301 117
127 740
657 99
768 549
434 220
477 713
431 100
280 758
580 30
666 344
313 359
414 687
187 603
780 474
260 456
718 467
632 517
439 246
711 409
240 385
771 144
671 502
248 696
566 573
579 381
223 628
46 425
565 690
206 169
329 44
212 109
216 307
73 589
334 208
748 480
288 281
610 8
361 776
106 134
725 162
442 270
161 737
727 189
414 453
159 729
769 202
82 744
779 210
239 517
556 264
482 420
198 435
95 380
597 180
785 166
112 650
395 734
276 442
292 114
781 132
518 42
493 192
222 488
598 673
686 643
696 552
296 18
598 779
87 408
257 289
485 296
73 551
72 569
148 639
301 591
331 380
314 156
596 779
575 721
405 766
725 745
600 685
89 258
302 209
383 160
596 430
528 231
111 10
789 377
305 6
149 469
662 374
505 50
266 653
522 531
726 366
55 657
602 618
65 774
677 545
617 787
45 298
377 316
674 656
165 132
696 50
109 781
98 128
485 748
40 149
200 479
86 82
353 390
253 781
397 104
86 806
322 719
229 385
164 545
422 56
734 332
285 99
791 799
587 805
554 656
743 518
41 611
256 634
777 41
86 46
47 210
558 24
745 626
533 433
46 105
311 269
680 475
430 701
29 795
792 691
396 148
437 346
745 239
733 315
217 165
629 348
292 78
551 537
455 211
406 681
353 531
552 445
229 416
526 142
300 733
401 557
83 202
794 486
82 84
385 280
715 561
189 477
450 425
654 478
666 87
760 166
372 375
750 749
58 34
202 21
108 260
766 688
566 254
757 657
753 471
416 259
177 100
311 479
498 717
12 468
554 388
426 337
210 546
69 2
709 524
242 477
125 256
292 784
474 520
117 490
34 524
86 705
337 175
448 285
397 128
797 571
407 644
81 517
187 801
300 366
626 559
518 668
584 66
366 327
60 758
503 642
310 462
217 288
276 135
198 663
100 792
98 207
130 337
147 629
681 416
486 445
534 342
329 725
16 328
711 626
326 638
374 83
704 646
68 471
689 131
50 659
549 352
177 701
624 590
386 795
509 741
662 661
380 152
523 393
25 532
177 540
249 50
142 452
148 744
49 99
241 417
715 85
438 528
806 3
781 156
134 194
172 785
52 51
667 741
521 722
566 785
165 435
783 669
365 331
794 591
591 566
673 441
657 39
297 162
773 2
198 130
603 76
677 717
299 61
776 257
330 334
272 762
485 785
289 426
389 161
341 396
383 608
675 439
114 572
229 158
255 509
661 313
601 177
739 175
18 655
533 139
89 64
277 265
460 95
425 542
573 377
123 290
624 274
780 719
489 19
555 779
596 483
73 258
494 62
439 392
423 338
246 572
719 203
405 287
723 140
7 240
73 88
292 672
24 213
786 788
474 626
177 594
470 185
757 439
580 782
387 438
515 23
492 103
571 294
126 296
765 332
217 171
203 123
541 56
64 676
386 595
108 23
39 584
344 724
151 5
769 150
182 77
545 602
638 340
665 664
472 720
152 325
581 621
197 399
794 484
520 508
395 248
564 559
417 75
187 483
329 410
385 27
97 537
553 372
10 42
408 529
53 759
535 311
184 334
232 578
718 238
782 227
537 638
203 268
672 124
39 131
13 140
469 314
208 425
417 112
308 404
287 470
167 87
544 753
667 664
795 342
613 416
240 569
579 551
68 703
343 569
119 121
516 771
561 424
750 656
381 313
587 257
159 211
507 412
123 217
521 256
12 530
87 78
321 83
210 169
284 218
553 83
376 21
508 583
512 348
408 243
296 248
10 363
660 85
262 700
805 664
301 187
103 702
715 609
726 584
96 319
194 40
525 521
546 92
697 87
86 131
125 369
737 149
774 679
140 718
181 65
257 807
645 141
397 581
331 282
197 474
65 319
195 676
679 87
604 211
148 176
765 711
285 520
243 381
502 251
251 719
313 568
205 163
573 715
374 211
137 674
352 720
779 84
393 785
772 451
497 250
86 767
338 340
87 18
454 595
321 259
502 183
323 547
709 489
157 670
101 263
210 306
3 341
108 447
353 776
106 654
62 447
231 575
516 291
225 775
317 462
251 63
679 445
723 340
33 615
263 256
757 576
25 536
623 309
405 429
730 264
83 259
398 116
748 119
29 751
467 581
434 418
746 369
10 168
517 721
213 523
244 587
682 82
791 596
451 511
282 110
265 491
408 141
292 450
584 550
741 278
461 650
92 273
561 718
30 151
341 356
542 209
376 280
420 278
765 504
275 551
664 513
514 440
210 650
778 66
530 503
652 34
507 250
588 129
555 389
750 179
680 404
166 261
223 269
545 668
491 245
590 137
790 174
128 253
651 368
779 391
5 778
462 464
674 553
601 109
611 343
702 553
557 675
186 69
59 326
245 447
400 404
295 572
583 23
426 546
