879 2789
619 368
505 509
694 322
435 51
111 820
157 865
812 84
303 679
54 385
475 9
663 391
80 12
189 422
57 250
815 598
687 269
619 516
656 676
487 283
590 45
318 336
784 750
696 512
399 762
75 400
366 188
791 574
42 235
599 83
526 370
820 30
307 197
715 192
861 865
663 518
809 222
68 238
666 369
633 591
81 461
746 675
194 228
543 778
512 732
875 656
71 245
643 396
610 402
648 22
316 252
767 535
476 506
60 249
463 236
854 34
307 272
521 636
85 549
400 562
698 520
704 480
478 783
246 536
619 613
289 878
697 711
719 808
282 496
736 822
554 676
296 119
120 603
338 59
798 200
854 37
505 602
372 876
769 454
757 678
173 448
600 393
446 844
607 718
866 382
745 714
707 31
768 137
435 844
267 77
830 673
730 384
770 441
458 409
808 98
219 384
535 414
21 207
82 47
63 19
786 605
616 762
844 465
740 245
46 694
837 227
260 164
440 839
827 504
129 71
740 814
267 756
588 144
721 369
577 607
283 353
304 229
358 40
287 425
497 660
204 677
463 573
87 134
676 788
551 744
18 545
717 11
402 759
88 153
111 123
857 550
1 783
868 707
762 519
711 96
784 690
425 181
748 581
584 574
641 840
587 148
721 621
791 6
277 69
49 741
716 749
808 86
325 475
774 831
650 690
523 794
764 225
683 324
36 703
74 374
292 222
848 76
598 340
833 440
579 204
615 367
509 1
576 779
529 388
489 748
16 748
75 426
222 864
115 294
465 416
159 172
15 427
593 119
421 598
761 552
782 459
216 574
474 390
876 705
382 245
662 598
763 220
296 768
49 565
125 248
307 461
847 719
350 429
868 832
563 60
837 496
566 27
714 176
126 73
53 439
254 599
679 231
642 486
158 270
267 562
237 768
23 304
527 192
347 10
296 178
691 532
714 671
569 112
405 823
58 257
875 7
263 868
490 846
749 797
826 752
478 845
411 122
225 171
267 555
126 455
199 582
256 845
645 696
632 505
6 340
429 626
710 397
54 682
862 216
869 138
690 559
270 551
418 234
665 347
495 488
359 520
658 321
90 210
388 785
862 72
376 78
225 410
848 589
120 763
357 754
674 138
553 482
54 562
312 183
540 409
337 676
638 97
638 570
324 489
179 563
436 675
550 742
661 54
772 239
738 286
27 48
524 466
46 634
507 133
571 354
239 805
720 429
39 354
828 181
52 597
669 856
601 719
452 158
513 834
628 23
331 708
231 103
677 691
660 510
753 277
770 109
366 815
38 312
168 295
871 87
598 757
68 256
604 740
271 215
682 593
627 701
701 73
24 91
209 161
505 480
507 452
89 737
642 527
258 110
295 488
184 418
852 820
853 794
92 188
792 644
261 441
67 486
614 253
676 255
397 63
256 623
691 39
696 613
52 619
734 248
681 720
345 251
665 302
832 159
243 653
392 390
211 202
174 375
783 620
787 617
665 786
340 285
364 593
629 401
721 144
699 109
755 376
431 248
198 157
772 818
857 353
814 91
649 45
619 747
67 694
431 628
243 771
127 417
610 390
690 368
173 132
581 263
128 523
610 643
277 747
495 72
877 810
808 674
393 473
276 724
211 274
154 393
136 692
708 250
29 492
752 463
787 631
415 81
295 34
170 322
731 440
473 787
476 630
521 298
867 127
44 479
89 291
475 535
811 401
343 255
69 807
3 28
857 156
286 326
641 373
435 50
111 823
737 236
351 307
667 537
15 56
160 806
550 685
346 522
43 614
319 806
641 23
19 90
628 606
868 205
574 307
52 18
102 509
195 439
567 541
731 716
589 528
356 194
345 700
147 41
665 548
722 2
354 511
226 424
190 73
154 630
656 215
765 747
51 120
786 509
164 876
739 423
794 77
524 483
598 382
659 51
471 426
474 122
523 608
618 814
196 54
86 620
56 331
240 216
735 832
310 131
706 413
430 261
728 638
86 379
770 276
167 836
573 705
777 382
680 671
467 256
659 532
257 376
97 771
348 57
463 697
178 299
748 601
124 406
288 71
825 877
667 566
485 323
552 301
553 161
75 30
116 244
799 849
714 116
128 164
62 507
27 775
681 873
742 663
836 822
673 508
592 477
548 543
684 702
386 551
684 642
477 412
500 374
689 28
571 27
488 416
731 723
808 870
335 36
822 387
453 548
644 508
665 575
170 688
7 141
117 438
395 375
876 868
402 479
518 364
616 559
726 3
257 589
387 478
325 118
733 196
515 401
735 224
866 369
497 175
632 478
598 184
763 558
196 741
765 11
306 686
861 522
475 720
494 673
118 424
802 360
157 718
620 713
215 103
235 294
478 802
556 97
390 348
463 318
487 644
402 156
687 677
9 774
230 677
467 117
288 219
859 161
606 463
769 345
163 758
241 647
477 745
702 425
577 270
188 726
303 29
752 730
878 675
310 380
351 865
524 303
175 215
160 207
34 63
822 12
769 635
701 43
208 827
651 481
7 735
546 194
784 142
640 829
219 406
827 32
48 331
706 562
235 861
528 318
265 808
710 671
786 612
733 363
736 561
629 191
872 59
727 440
87 260
770 455
418 701
286 674
663 636
619 868
524 752
743 600
500 734
414 259
854 494
485 601
859 554
576 736
8 180
152 437
305 787
217 593
16 740
606 692
40 523
204 774
848 695
374 679
485 352
87 172
876 682
861 740
243 565
203 454
629 435
792 681
297 448
546 841
277 437
544 123
219 198
168 298
830 816
407 65
190 595
547 369
732 851
678 819
350 832
441 740
406 598
278 795
528 669
29 309
711 754
129 737
306 39
217 13
824 35
680 317
632 870
762 755
836 381
152 73
303 758
287 285
416 789
553 143
739 1
480 141
482 42
315 546
66 480
513 679
58 678
465 179
837 683
162 117
378 346
437 744
574 598
495 828
390 312
690 370
729 309
567 557
363 19
787 597
848 177
480 346
161 36
630 317
406 331
779 626
444 876
50 353
674 250
105 770
270 55
243 218
867 609
380 532
291 61
554 471
612 660
321 836
278 224
667 505
527 56
838 488
509 660
618 154
844 601
593 660
791 489
44 613
410 75
484 515
768 670
309 237
368 615
98 710
545 407
472 506
438 723
723 182
377 325
618 509
485 162
822 702
180 237
743 20
143 598
149 533
432 637
873 374
449 721
452 119
562 492
573 471
525 694
878 315
397 429
18 473
491 680
555 575
663 125
791 146
425 631
237 622
365 63
333 22
511 5
817 329
263 826
267 872
860 297
480 549
47 772
850 218
714 515
734 27
174 633
299 762
415 625
182 457
254 746
862 383
38 472
591 713
540 487
299 313
524 361
710 494
361 378
416 193
586 574
584 391
704 685
263 819
858 805
285 791
612 795
788 69
369 142
101 830
350 331
637 50
837 453
470 534
712 812
203 3
574 22
192 752
465 502
289 139
823 472
521 877
578 838
282 801
122 631
584 640
233 566
552 20
475 529
467 750
614 342
89 104
840 495
255 487
453 66
613 876
547 232
792 182
80 461
398 286
693 107
146 414
718 424
721 847
459 752
392 557
46 485
123 591
144 840
823 247
312 260
370 637
739 265
444 251
616 604
550 339
476 735
275 489
21 26
392 267
191 133
323 277
830 288
106 168
126 538
328 354
37 11
209 575
636 559
88 696
305 150
436 370
517 636
166 496
25 618
191 456
651 100
162 360
149 675
481 773
26 613
667 529
465 534
164 546
68 437
691 188
197 87
90 51
766 866
825 173
457 304
131 51
98 34
99 432
778 128
710 357
163 57
662 664
278 730
377 218
415 280
644 770
810 534
406 863
388 395
818 704
233 641
179 6
164 773
255 275
589 36
8 361
581 821
434 216
717 309
200 96
175 734
415 368
326 85
247 23
404 828
115 332
101 859
301 671
716 821
545 174
649 661
137 483
835 212
265 713
694 777
349 398
25 662
702 73
341 697
88 83
551 97
293 140
445 321
823 219
56 491
664 53
355 706
726 439
181 407
695 456
607 378
223 780
775 542
857 859
841 230
736 412
664 681
312 691
187 545
246 667
580 210
85 732
450 299
471 451
551 30
368 864
522 215
333 617
725 579
120 469
194 804
464 577
879 632
39 140
314 509
815 330
822 725
678 443
148 658
573 207
315 797
872 633
542 76
395 644
819 371
186 3
291 138
573 747
653 650
98 640
431 179
550 399
346 812
3 387
717 694
776 344
208 837
390 166
219 813
596 341
701 471
439 751
398 484
102 401
340 494
343 452
733 647
147 659
357 818
294 534
728 698
613 214
237 594
695 591
511 578
240 537
443 681
709 425
236 732
14 336
808 748
368 691
591 831
833 740
775 249
725 830
579 863
154 709
559 349
428 817
195 499
72 326
772 478
757 302
575 491
597 303
432 41
473 358
753 628
275 613
772 109
168 190
246 637
620 40
621 852
711 541
471 121
683 4
648 478
120 757
275 477
691 452
413 160
520 114
348 737
111 498
666 71
82 126
580 94
599 388
549 548
326 637
773 615
686 237
528 310
85 4
343 474
314 204
244 269
319 349
782 464
30 341
17 554
198 188
153 589
500 444
299 372
463 359
692 453
469 330
218 332
436 187
37 542
60 639
392 855
299 645
776 21
158 802
416 498
641 260
659 101
453 825
699 10
437 543
650 23
281 263
545 641
221 633
431 113
228 461
53 116
772 518
421 11
5 775
484 283
47 65
566 871
438 710
368 142
294 666
534 369
373 494
412 753
514 226
404 427
631 201
227 722
672 293
711 746
603 485
660 657
682 73
847 785
385 514
445 61
712 299
749 602
606 566
807 164
795 235
192 836
213 263
381 724
877 800
12 222
238 170
774 680
243 528
830 866
29 149
736 293
365 221
847 676
120 661
318 280
742 677
563 21
858 760
768 488
398 197
612 177
482 74
227 552
599 110
49 196
507 446
553 248
754 414
773 349
593 548
651 689
620 379
802 319
2 1
257 271
646 372
153 155
724 297
781 158
421 211
272 263
114 295
512 485
171 523
833 268
252 3
507 688
143 267
548 716
149 645
260 546
778 477
228 20
763 611
673 276
51 565
625 582
664 807
791 764
501 669
446 54
198 152
862 179
310 156
197 336
750 211
348 9
472 266
425 861
464 91
653 530
835 435
844 794
251 168
144 558
236 265
629 857
325 77
19 64
241 152
683 449
776 583
553 211
106 265
741 645
235 336
255 454
165 415
704 686
730 674
325 788
369 141
390 293
491 382
399 537
419 375
366 25
777 503
288 260
14 547
290 878
700 729
601 552
854 429
820 290
273 225
149 873
10 656
505 8
647 425
660 717
37 233
187 724
145 133
686 179
307 248
163 146
211 348
743 701
136 517
349 876
432 241
565 377
124 523
271 450
153 13
386 213
777 739
333 762
678 697
800 753
525 561
234 769
697 546
610 197
714 114
613 771
797 220
600 264
833 141
640 212
162 767
224 44
668 175
672 551
191 450
850 360
503 300
285 267
255 832
163 155
182 149
645 169
712 478
856 155
411 501
696 858
307 110
571 781
840 705
93 12
241 131
495 334
558 174
207 4
178 193
82 459
164 871
1 259
720 63
464 765
564 192
17 824
414 671
643 723
238 398
170 419
563 562
506 590
549 741
850 647
299 602
47 605
377 270
544 759
221 201
36 481
351 331
703 38
872 98
29 872
302 318
378 503
509 309
256 12
458 823
867 252
831 311
279 90
227 669
745 50
283 415
105 147
417 127
435 831
536 499
186 251
222 725
116 565
764 873
672 786
31 497
713 573
128 715
468 764
203 543
206 105
724 49
346 372
491 830
219 341
275 688
729 454
627 338
605 746
430 736
203 690
331 467
701 688
658 824
453 263
554 428
593 255
422 739
758 73
466 329
708 216
673 362
234 246
416 876
627 543
591 214
816 809
545 493
855 136
397 507
860 245
147 386
863 653
168 338
132 291
728 245
357 93
614 579
253 412
260 399
61 191
851 603
526 475
655 587
713 606
474 74
403 641
199 454
175 855
489 52
804 360
440 538
853 677
285 163
710 571
134 679
843 761
511 607
702 763
295 259
850 365
38 221
67 141
821 130
842 281
843 157
202 239
774 183
130 529
427 495
535 400
187 859
132 499
158 299
548 663
667 865
91 196
500 238
706 593
837 869
485 452
197 74
586 631
327 619
821 709
65 664
580 412
320 117
179 327
568 731
695 791
42 181
26 139
173 861
743 266
11 431
472 565
430 361
753 484
643 581
95 72
267 316
32 647
768 812
270 283
390 11
55 352
420 278
63 670
863 494
200 706
845 600
353 155
319 12
53 427
208 135
153 471
7 468
181 92
292 407
168 191
791 137
98 288
211 3
250 42
658 117
72 400
365 427
632 168
391 859
363 579
643 661
183 675
77 114
44 304
621 629
103 674
343 356
604 690
588 636
26 157
500 340
470 617
160 631
329 100
19 365
149 140
703 597
117 205
193 162
655 312
312 27
258 427
740 123
409 45
433 460
861 79
312 575
495 92
671 297
154 851
198 394
489 790
476 744
350 668
333 338
261 245
326 644
330 318
388 325
87 293
542 40
453 527
368 762
684 125
823 741
269 396
487 341
810 112
204 167
405 34
743 100
374 603
697 572
141 552
384 227
370 436
122 175
283 398
106 817
75 647
732 541
249 30
311 727
663 105
317 98
28 251
606 790
290 68
352 741
771 216
205 524
51 289
27 53
422 728
459 686
761 751
210 744
742 785
600 778
197 644
419 323
439 337
43 34
758 634
161 145
362 334
678 470
148 581
420 418
21 108
775 55
834 858
689 434
275 826
827 300
630 752
95 314
426 818
209 21
545 585
784 84
586 669
471 397
827 214
242 522
258 295
152 403
597 346
542 224
141 143
536 57
184 654
85 719
719 778
499 54
446 164
853 748
325 520
551 692
275 833
183 272
170 359
125 620
148 104
539 648
578 430
155 860
769 599
59 89
441 518
842 144
303 232
555 118
398 212
582 446
276 688
102 423
531 775
328 480
8 328
812 817
600 140
644 583
131 684
261 869
232 747
30 119
711 391
773 571
408 737
448 599
216 724
214 355
518 606
838 756
242 88
544 530
29 86
855 533
179 44
588 637
674 810
187 434
175 599
33 140
751 798
790 463
206 632
850 295
43 823
797 663
678 350
878 407
385 2
24 766
813 450
345 505
364 325
41 427
702 415
408 204
689 77
28 167
600 544
513 191
532 58
237 204
642 646
332 32
812 730
172 236
724 298
211 622
305 639
412 866
420 707
205 553
44 796
632 661
482 177
173 614
36 261
679 155
94 393
244 416
559 683
619 730
525 327
658 402
606 484
346 614
703 358
816 773
47 130
466 642
195 320
308 97
164 430
60 706
703 621
444 475
600 353
337 603
269 155
293 777
777 628
599 24
382 177
234 455
647 795
686 631
270 849
95 659
122 543
602 229
820 860
677 757
146 383
462 174
189 102
66 38
601 30
123 750
766 206
220 803
538 34
386 191
686 527
666 108
599 353
380 12
38 19
521 608
875 764
253 629
317 597
722 105
780 777
32 636
866 439
716 225
720 159
223 356
279 855
29 171
592 874
823 722
678 173
276 516
213 604
526 465
529 403
849 805
438 122
685 219
100 410
780 356
466 147
418 411
455 439
332 245
633 605
316 324
727 401
268 666
363 713
313 288
190 133
498 745
835 698
729 534
448 723
80 410
401 754
183 606
149 320
705 218
284 22
606 138
469 648
532 192
66 273
231 654
269 343
161 694
254 288
241 650
872 457
159 330
129 235
129 606
171 368
63 806
248 232
263 751
802 521
72 459
716 524
693 605
867 274
26 286
544 869
409 564
780 541
842 802
641 335
631 159
791 140
120 718
874 589
216 250
276 302
454 281
148 201
315 729
154 156
689 500
750 32
532 339
183 27
630 522
3 868
336 626
37 706
122 789
712 749
90 250
231 225
865 302
66 665
70 748
662 350
22 515
596 620
152 829
851 838
480 214
214 593
178 334
641 622
434 804
384 497
845 348
647 31
61 88
282 682
228 418
47 481
855 472
51 491
623 737
199 783
345 202
552 547
590 31
555 798
756 259
220 688
268 600
518 817
170 374
244 401
465 601
871 596
658 483
680 567
550 811
371 14
723 357
168 837
302 833
685 471
430 224
549 795
823 283
312 480
137 768
444 388
670 256
15 803
752 232
436 190
741 527
617 415
140 796
524 234
49 832
104 501
623 75
733 812
663 90
27 269
604 63
539 873
317 651
285 460
271 777
277 562
796 786
65 280
232 536
504 477
750 830
165 210
807 430
97 740
222 854
812 32
776 809
597 160
726 780
445 108
288 801
258 419
5 131
393 230
841 685
771 428
772 294
166 422
4 261
318 168
581 659
729 314
344 483
808 594
328 711
807 209
607 756
594 286
225 833
580 843
600 638
451 204
859 142
788 792
537 536
773 338
117 808
44 69
835 169
13 872
820 328
90 496
290 526
354 309
167 777
272 136
501 538
269 538
97 499
208 213
44 286
229 276
161 756
329 634
770 432
24 861
60 510
190 873
875 118
231 729
218 5
449 311
230 869
503 36
140 34
433 40
434 182
677 202
639 198
172 339
232 766
713 113
605 35
453 376
138 548
711 730
638 846
35 42
457 73
370 794
846 795
475 248
528 847
799 20
492 360
454 720
576 384
474 178
559 146
745 194
690 56
122 29
358 138
32 781
125 619
608 657
18 816
771 201
591 263
97 412
729 599
541 662
254 90
381 690
757 822
281 569
230 670
318 369
287 365
125 304
426 604
560 391
13 770
256 813
520 426
42 473
278 430
152 697
382 875
305 474
217 853
606 871
258 391
151 606
797 669
529 445
326 117
495 861
745 863
194 302
620 9
842 31
189 233
748 368
394 783
95 131
160 396
389 189
818 140
835 728
620 354
359 270
142 799
47 656
349 479
522 268
100 762
266 462
380 571
144 852
693 723
439 263
369 132
791 409
745 832
634 750
50 98
860 124
811 247
104 454
175 494
841 793
734 155
470 266
205 482
795 667
246 108
817 224
251 556
552 30
18 797
341 65
832 329
49 625
571 155
311 874
368 356
810 400
612 207
406 79
201 777
303 773
782 794
567 512
558 860
628 463
481 692
373 846
173 353
598 578
656 266
430 613
551 603
130 715
535 87
115 37
7 165
61 146
407 314
870 358
653 878
782 313
123 840
369 355
46 354
140 150
53 500
257 89
99 768
734 552
785 344
489 555
36 665
520 70
596 772
704 541
580 555
135 489
322 518
19 103
129 763
773 653
244 587
103 775
778 728
827 97
191 824
103 650
373 209
241 782
806 852
79 374
687 56
176 452
220 695
114 765
190 830
34 849
382 518
256 475
810 363
172 551
46 402
434 656
678 793
807 432
494 771
207 334
444 601
191 362
783 118
660 739
851 194
466 733
491 341
755 353
654 112
346 381
295 260
170 782
546 665
30 51
51 407
566 458
472 437
716 419
266 708
111 475
569 857
508 72
606 139
51 656
555 858
354 308
483 282
356 20
174 424
824 446
453 415
382 271
206 121
725 445
191 625
547 31
358 857
493 499
21 615
432 157
732 432
297 650
852 746
64 651
87 44
15 238
56 501
721 623
222 716
160 403
398 344
79 554
800 702
743 409
286 615
487 418
628 823
202 350
421 485
794 759
687 309
114 576
748 563
404 402
371 234
275 346
790 211
412 543
786 364
10 23
681 533
204 729
336 514
154 450
263 574
755 297
760 788
734 100
455 413
225 63
151 275
33 876
768 814
548 520
46 129
368 156
829 481
818 307
252 313
551 9
807 340
195 500
215 418
533 452
647 316
43 655
230 783
156 531
196 576
469 724
421 159
744 703
211 432
603 775
31 790
657 355
489 446
609 170
773 247
577 692
407 68
814 82
505 94
654 560
474 576
719 74
187 109
651 282
16 334
828 165
444 190
375 689
835 608
53 104
552 756
309 158
630 295
66 113
812 848
407 236
163 495
464 227
173 623
156 835
815 479
567 675
274 41
662 6
44 97
557 287
151 434
12 668
817 802
43 153
658 729
570 218
186 182
829 298
593 865
744 798
411 113
860 58
36 31
94 216
152 233
712 556
840 54
289 347
201 41
26 348
169 432
297 139
155 843
869 320
66 111
212 498
450 261
101 499
162 113
347 183
757 751
355 640
725 188
557 341
859 455
611 829
663 876
101 663
691 843
639 604
325 95
860 49
54 120
348 784
518 735
794 246
852 416
198 173
511 611
23 434
851 104
524 463
89 370
257 241
503 551
411 67
284 814
528 655
824 53
131 463
793 395
376 806
798 617
614 822
714 57
400 476
71 612
644 716
83 567
427 274
533 140
855 178
238 383
682 772
773 678
831 851
229 88
644 734
357 685
250 616
489 208
400 847
646 506
251 210
268 628
126 110
643 215
790 282
684 326
187 230
351 620
82 496
636 750
453 28
146 235
735 63
298 552
260 871
552 120
728 263
288 376
531 292
257 850
77 188
209 471
779 184
818 776
713 396
552 441
311 453
272 879
167 474
646 164
740 549
192 654
268 440
533 644
255 56
420 67
204 400
388 404
773 636
671 522
764 184
124 658
506 85
198 263
753 425
148 597
114 558
373 350
20 149
748 740
840 82
750 565
495 515
715 56
644 447
494 353
721 292
297 231
211 412
568 241
788 532
329 214
185 569
241 436
189 375
338 851
154 836
764 667
274 584
226 264
325 162
827 752
386 765
258 678
481 697
150 95
124 86
717 199
147 716
576 31
758 779
172 572
33 788
128 117
826 577
463 672
602 40
791 408
867 750
462 715
856 691
88 146
463 491
643 631
700 636
499 15
25 533
56 245
387 194
395 767
201 700
498 508
49 59
662 618
577 442
502 421
88 804
205 815
70 843
731 714
255 664
115 183
297 499
207 144
616 751
601 567
817 594
610 872
738 651
57 249
730 433
180 744
535 280
20 398
377 625
153 522
759 499
547 269
839 717
736 685
326 544
681 124
313 58
352 678
667 49
27 299
531 519
255 842
400 108
807 227
169 539
580 645
140 473
625 641
142 187
237 625
273 56
288 672
437 266
189 822
393 793
764 51
639 508
861 29
717 312
844 640
352 115
851 27
603 433
2 869
114 820
116 123
563 572
766 705
232 487
877 834
553 204
240 44
367 27
575 29
480 757
473 615
647 529
611 700
691 20
154 140
562 729
468 820
37 138
845 77
352 249
579 417
670 8
876 255
183 865
312 705
615 802
467 415
268 847
210 11
310 209
622 766
410 773
850 369
743 563
856 632
638 272
379 510
290 590
609 852
495 785
775 707
501 53
85 251
400 194
823 642
576 742
721 56
864 243
798 537
693 711
421 106
260 168
83 519
466 462
214 581
413 363
770 589
849 663
866 815
703 643
191 266
181 864
610 296
243 356
669 384
870 254
840 872
161 775
844 119
519 872
573 517
443 288
870 73
309 796
181 514
829 400
276 829
297 29
742 23
365 107
439 30
297 174
742 555
377 613
450 596
626 80
592 763
799 794
350 421
9 627
598 832
654 157
503 729
254 154
205 771
629 673
685 196
541 757
411 109
11 416
496 83
114 542
151 696
614 560
410 152
320 319
219 536
475 746
21 445
22 37
188 488
152 761
606 168
783 846
493 523
701 721
504 465
84 174
876 76
470 336
109 571
811 161
296 573
832 42
728 544
183 837
632 60
354 575
71 876
816 131
209 811
857 71
565 446
524 710
322 595
82 235
652 163
11 240
201 309
460 262
67 722
343 172
555 697
495 751
874 113
603 597
236 697
493 144
499 665
616 338
707 486
489 422
861 388
860 211
550 750
610 784
171 350
688 68
816 606
620 409
33 273
179 600
608 870
537 302
78 259
483 522
57 641
269 481
344 648
709 787
303 765
843 408
654 582
544 609
656 865
266 517
102 850
530 25
38 256
593 500
774 254
703 684
389 276
212 499
732 364
851 454
169 781
298 171
245 117
101 464
390 134
780 570
784 232
624 34
606 683
666 862
336 52
580 258
305 264
308 759
643 121
510 367
222 405
663 529
636 816
117 836
80 416
219 612
437 331
238 739
371 289
200 737
865 65
647 601
154 872
212 775
600 472
467 172
489 127
128 835
42 777
367 817
652 724
600 18
728 572
770 289
576 582
24 387
685 637
100 632
564 773
430 329
844 149
790 569
58 238
187 596
260 435
265 451
76 687
657 577
234 18
797 46
656 400
149 390
561 846
296 612
728 660
859 468
456 119
536 60
718 371
591 227
557 869
160 453
415 450
92 768
273 660
163 440
372 209
417 698
203 803
75 758
727 193
415 661
307 308
149 537
27 334
779 535
446 195
528 67
782 210
126 477
254 636
721 694
667 197
118 865
109 132
659 648
842 101
626 323
826 468
672 493
577 827
725 628
321 260
691 389
175 587
701 320
275 845
244 46
300 341
48 390
305 102
805 6
695 811
437 28
296 639
248 814
799 568
853 837
378 874
325 598
453 439
350 187
209 294
283 110
229 811
430 302
490 499
219 134
113 277
186 453
57 184
834 367
798 793
381 166
573 808
354 786
297 674
817 382
21 214
327 549
403 352
520 710
