917 2886
107 459 21
701 86 342
57 115 745
458 847 640
420 232 294
811 132 855
582 176 587
371 844 246
272 568 143
202 555 294
763 914 139
398 228 502
187 364 521
113 543 490
9 28 177
561 724 32
608 195 22
26 153 756
682 287 208
655 179 794
614 636 775
650 352 884
578 173 668
522 302 517
69 170 273
528 894 97
746 59 958
576 726 637
482 380 134
102 828 523
679 906 439
270 444 576
572 227 439
211 514 773
421 520 370
418 485 969
7 809 669
10 47 176
544 762 506
171 898 31
87 813 371
158 200 403
863 902 276
605 636 911
679 474 717
785 91 728
316 637 764
114 71 155
336 597 936
343 175 691
916 693 318
104 267 518
254 154 333
343 636 383
726 240 415
275 288 843
194 682 36
691 653 785
45 298 313
366 673 185
272 227 417
464 23 125
862 572 734
40 346 751
617 267 533
391 626 745
323 599 774
136 851 371
92 729 683
917 140 927
189 734 866
485 578 456
775 732 768
699 524 75
561 804 955
680 42 859
568 626 648
290 543 435
403 810 469
890 693 681
585 125 973
442 97 115
177 786 359
761 73 546
376 20 177
401 46 74
209 262 880
787 284 223
503 76 602
482 909 482
703 156 682
305 280 803
95 476 186
504 634 768
30 371 776
316 353 961
254 62 16
715 720 538
788 483 367
875 344 517
568 87 540
152 99 515
781 583 152
702 128 791
626 174 461
795 358 656
155 770 934
810 472 526
799 404 200
788 910 822
248 340 37
206 104 109
686 531 450
104 399 112
318 343 456
728 27 134
251 671 212
360 314 404
867 712 577
539 815 336
787 388 53
680 760 111
436 892 648
235 833 58
571 86 698
339 208 423
874 451 602
849 277 401
575 50 895
323 277 265
104 783 636
36 323 18
202 97 378
137 170 521
342 745 381
266 874 483
5 850 721
413 226 766
646 245 907
344 508 666
20 443 678
422 627 732
142 283 542
403 695 901
430 234 144
597 72 368
652 276 310
483 585 956
102 725 914
652 756 909
76 506 35
500 478 146
775 887 823
896 525 561
401 453 286
411 855 834
863 506 114
129 693 270
463 221 483
229 374 75
691 247 599
870 860 930
652 741 646
491 893 86
563 700 503
468 404 573
628 692 998
153 912 727
589 852 598
880 37 943
603 651 576
798 138 239
362 572 686
363 310 144
892 422 223
698 426 902
605 19 169
74 749 136
546 605 498
824 295 163
759 104 312
72 36 122
109 884 23
337 793 867
606 371 345
651 904 833
278 361 797
6 480 561
682 789 185
877 173 739
245 886 729
421 18 59
328 790 495
728 221 253
602 471 686
280 302 240
34 435 901
187 164 11
123 478 264
890 858 814
870 740 450
571 625 619
65 804 790
866 138 160
261 826 138
485 535 390
604 484 281
178 271 737
207 376 262
499 597 897
726 719 856
189 409 492
324 842 156
273 501 450
218 133 745
767 626 100
839 416 962
327 860 364
145 236 932
723 348 949
395 563 606
499 682 934
803 518 511
625 326 310
715 229 893
433 869 388
193 557 472
114 148 477
156 889 383
817 366 321
354 20 597
158 352 292
65 826 193
847 542 50
439 890 681
107 540 466
736 679 906
347 197 270
33 705 94
516 817 280
502 652 900
465 3 924
593 696 315
431 607 265
900 269 358
22 235 705
168 275 153
802 163 645
462 495 877
71 262 529
219 835 380
391 200 485
8 668 35
660 545 987
379 116 216
719 537 274
135 225 12
467 93 826
487 723 197
889 275 249
773 522 753
139 364 513
777 678 349
630 520 982
17 651 897
547 211 541
13 386 699
291 868 149
570 689 843
591 208 557
457 636 304
544 903 610
846 353 701
372 580 969
806 867 739
698 702 992
754 892 548
580 852 99
860 65 149
194 216 813
899 315 829
234 247 551
623 479 437
37 278 314
820 169 968
746 885 48
162 835 944
574 239 207
106 596 775
361 249 468
218 581 278
456 170 370
704 577 522
168 438 717
590 604 35
581 378 97
652 754 973
122 359 791
385 676 541
770 545 975
702 233 622
398 286 857
491 385 942
340 412 263
577 299 449
160 668 678
649 379 326
653 859 245
20 498 792
97 616 528
714 580 88
689 612 798
560 129 311
15 716 276
889 854 574
640 17 352
677 365 662
585 418 795
212 908 702
712 493 642
217 853 915
381 558 817
758 645 486
658 127 438
653 60 399
369 63 103
808 291 573
486 114 283
272 794 970
670 760 913
43 614 725
601 161 638
7 255 226
865 431 605
587 814 704
667 483 740
708 470 40
767 117 488
618 338 15
105 51 974
202 5 102
208 96 295
181 700 377
28 612 701
826 415 39
42 454 633
164 87 565
780 131 898
372 856 657
910 374 434
11 523 9
449 336 213
88 431 844
338 275 395
534 710 373
770 111 409
236 398 144
139 215 709
192 301 393
425 912 267
186 217 976
554 597 414
206 124 84
430 491 622
618 547 169
15 488 56
276 112 10
152 177 769
830 618 161
709 31 596
607 85 573
154 161 341
620 700 670
692 846 122
171 602 758
141 809 862
638 653 348
218 284 672
622 364 957
309 427 524
150 286 816
694 263 413
253 448 934
272 54 498
788 628 89
300 669 498
887 94 897
79 505 529
876 146 67
654 639 97
810 288 961
324 807 812
626 48 993
657 237 132
644 364 749
146 829 812
188 122 925
339 842 494
881 718 413
291 491 89
405 404 119
94 317 18
860 309 769
511 304 997
299 546 124
359 789 236
689 628 727
854 457 215
589 393 121
100 349 416
815 150 617
485 99 683
339 777 142
310 891 414
328 686 366
629 759 695
562 867 499
88 691 569
200 284 454
361 614 718
187 130 188
114 177 515
322 182 869
825 579 972
149 346 456
218 236 994
443 141 25
825 294 571
168 333 519
187 414 484
911 435 220
620 701 590
626 586 591
410 684 746
282 869 388
653 35 322
345 447 728
870 679 564
83 440 583
164 469 118
156 479 873
44 774 11
173 300 769
297 313 582
515 419 279
305 184 630
394 693 463
722 464 856
287 67 921
224 173 871
582 157 610
40 710 885
301 897 695
903 407 488
351 121 883
221 101 614
641 92 304
726 162 250
285 71 690
168 591 402
470 344 480
729 548 910
431 711 983
345 300 355
368 450 902
194 883 207
295 190 355
343 839 719
141 355 720
115 370 592
561 604 438
302 270 138
622 171 631
787 757 261
457 232 226
57 678 470
458 628 680
817 35 573
518 686 53
879 519 481
409 249 27
722 679 264
83 669 408
134 379 448
483 298 909
765 378 922
612 198 496
428 30 384
429 128 390
883 6 905
231 551 959
386 724 987
6 4 301
109 92 645
266 19 145
17 825 237
823 337 138
42 172 139
8 621 441
437 562 552
613 312 900
608 563 539
7 65 632
272 582 992
663 691 68
673 520 274
418 745 559
827 416 494
100 883 423
237 526 771
123 558 443
844 203 514
907 845 330
917 275 532
351 192 974
554 182 311
830 535 860
609 110 417
400 49 756
308 262 71
751 319 612
849 844 779
809 175 345
850 220 571
97 898 728
783 760 731
288 4 735
415 908 918
737 416 327
782 724 752
841 244 486
511 136 669
189 722 975
375 480 682
322 52 804
479 441 795
111 331 874
575 184 498
352 378 68
563 285 543
83 99 883
215 526 683
426 91 425
165 54 723
715 388 225
600 488 645
633 31 610
217 248 650
386 649 370
910 117 414
286 682 684
314 684 987
446 504 192
471 486 477
38 748 763
353 8 955
586 361 564
826 397 700
312 625 315
297 56 201
649 379 85
406 366 752
769 48 869
491 768 416
247 885 323
718 722 648
331 156 917
268 212 15
568 489 955
116 71 872
673 415 277
696 302 838
268 12 534
36 431 54
593 549 454
370 167 117
423 167 285
909 287 53
375 783 162
914 496 939
406 183 412
901 736 390
323 67 518
502 399 519
481 415 297
109 246 25
544 238 141
252 310 146
648 837 697
437 165 408
755 175 167
909 629 584
457 788 297
116 733 659
640 910 408
835 376 412
171 654 646
305 704 381
321 34 331
23 3 187
654 399 866
731 268 104
7 230 230
292 753 334
544 914 536
86 179 773
63 903 975
917 169 56
346 655 134
7 250 782
619 843 366
559 129 881
196 540 7
284 769 219
350 291 908
230 351 911
111 647 922
284 36 78
29 604 612
753 693 904
146 616 147
854 338 20
182 372 507
195 228 703
1 326 974
106 158 855
311 487 156
479 488 589
241 20 582
526 454 392
811 779 999
335 265 387
352 516 226
241 701 69
513 326 898
466 446 186
466 298 49
76 637 269
31 786 426
838 637 5
431 230 380
580 272 811
513 563 808
769 590 674
551 9 894
383 480 753
488 145 138
35 146 794
344 847 524
332 272 968
742 681 291
904 293 130
272 730 218
742 241 362
535 585 774
462 409 258
40 75 981
586 721 406
877 748 134
130 768 189
310 35 982
695 870 123
463 905 752
136 573 990
36 881 909
690 325 374
810 688 268
429 155 361
200 649 535
294 236 488
53 726 836
550 597 560
14 729 335
373 429 159
420 770 527
175 102 198
492 663 687
22 750 336
30 93 548
122 633 851
676 182 479
215 391 421
174 5 119
493 814 112
527 256 865
212 819 517
414 60 199
318 186 934
664 742 518
175 142 706
146 600 569
34 339 48
779 34 281
863 752 748
792 391 258
432 172 537
19 908 845
246 164 834
913 469 385
504 329 579
369 96 376
791 213 327
557 324 502
329 737 978
553 741 64
917 501 803
200 868 954
34 759 472
45 849 963
680 909 221
608 804 40
510 417 665
358 245 233
114 629 70
153 816 730
204 396 962
592 144 860
581 417 629
847 748 422
49 627 97
820 768 366
698 485 965
675 762 77
439 296 437
888 801 251
795 594 830
153 628 357
279 253 741
64 61 949
62 594 283
414 783 812
287 499 831
358 41 836
8 650 605
140 595 597
351 725 794
419 401 329
834 868 630
733 636 692
712 88 173
411 4 92
647 861 280
301 288 960
312 658 36
661 260 641
14 653 543
487 685 999
411 903 338
665 271 307
472 299 590
908 799 469
457 585 481
113 88 354
93 172 607
244 101 537
467 334 571
763 158 844
440 133 524
694 257 341
598 855 497
78 804 382
724 453 722
731 410 752
459 623 405
514 201 776
39 435 552
363 14 857
840 338 373
57 231 122
533 605 994
549 223 966
598 51 73
904 111 168
181 379 831
188 111 601
137 4 682
759 286 723
736 141 835
740 244 604
12 685 993
705 259 888
765 678 581
599 352 958
455 839 528
713 686 764
737 798 776
846 832 146
627 180 955
370 805 874
675 260 278
26 741 955
835 263 662
788 661 417
444 755 22
40 361 7
103 520 870
491 20 251
162 55 68
629 68 323
655 909 620
656 503 87
47 855 545
791 676 471
753 439 336
756 70 323
342 385 586
500 498 514
58 885 120
269 199 24
754 671 200
879 721 750
578 223 292
731 95 868
508 234 830
584 323 160
316 126 6
634 356 143
81 235 867
660 851 613
861 356 146
114 283 898
641 616 511
557 843 561
916 66 444
898 694 487
502 381 872
550 135 902
830 277 980
128 164 731
890 361 189
542 106 374
766 540 139
734 433 415
250 277 774
359 35 515
155 287 495
797 729 963
410 563 998
334 811 744
571 387 149
284 434 974
425 661 943
424 776 561
432 157 75
87 578 442
586 308 810
4 821 215
429 47 579
457 202 635
823 640 421
338 287 654
29 826 711
430 392 152
249 121 280
317 754 19
640 638 1000
220 682 85
354 420 942
425 68 570
670 810 159
630 784 326
707 307 887
50 307 87
209 266 208
263 38 148
268 664 2
350 490 27
186 270 75
752 632 156
174 613 801
285 639 843
839 26 367
820 459 164
791 838 485
556 362 570
394 741 870
511 356 946
20 476 846
832 37 512
804 516 670
357 271 76
667 252 962
771 105 908
116 57 914
69 517 763
673 289 168
126 310 773
599 739 48
491 824 308
661 101 34
50 688 517
509 148 209
107 574 733
682 816 229
316 286 301
92 133 354
890 183 187
377 43 645
362 484 534
471 18 698
462 564 900
357 905 738
505 195 106
794 813 18
305 99 692
258 577 284
633 623 504
467 373 540
106 517 626
718 550 84
504 193 428
527 636 39
571 256 485
15 458 843
264 462 238
700 569 536
874 844 713
852 255 174
111 450 886
282 203 121
648 488 109
755 185 58
326 751 955
487 898 173
851 902 999
757 897 433
464 315 842
366 652 9
258 501 602
911 21 880
3 403 228
617 461 270
623 284 171
303 801 485
874 417 422
604 152 106
874 472 821
141 553 896
135 252 737
300 486 8
257 274 499
243 89 449
389 168 90
227 192 610
624 527 723
279 89 299
536 355 461
91 74 996
58 585 634
511 439 422
452 582 997
320 570 683
833 404 149
630 635 999
681 546 16
450 883 670
555 464 529
590 25 239
530 593 912
112 353 643
406 592 623
863 390 832
340 251 855
576 780 35
190 39 264
396 98 695
78 360 776
211 677 611
733 727 867
804 360 676
813 890 41
512 730 515
283 268 394
215 353 88
415 589 817
168 407 59
377 81 421
729 884 788
352 594 64
531 567 256
31 424 479
333 98 34
63 178 633
351 906 102
588 735 334
219 891 783
895 696 700
479 272 539
868 409 250
683 45 673
509 153 380
315 277 76
648 477 479
882 181 786
430 485 427
80 674 192
464 491 913
819 622 564
301 813 9
800 647 907
524 293 644
79 654 395
422 793 717
513 753 703
787 885 623
654 671 201
814 36 102
316 91 524
215 160 275
515 241 937
684 36 876
691 800 430
68 79 671
240 743 237
457 499 309
242 267 748
537 389 721
714 287 650
566 176 128
158 724 501
437 832 440
342 676 873
519 604 420
397 628 145
515 106 314
403 28 431
39 643 584
682 857 781
504 304 286
759 728 294
266 352 924
157 475 497
332 179 165
795 530 449
916 5 690
226 109 757
745 620 336
99 866 183
28 125 364
313 342 423
470 272 822
249 619 932
89 145 640
92 460 320
403 474 493
438 828 603
608 213 889
382 285 376
727 657 148
147 718 154
434 232 407
674 567 305
320 14 738
448 441 78
504 71 330
404 285 987
331 672 707
104 60 764
227 151 79
377 250 567
279 344 937
95 534 421
18 764 852
886 135 374
39 302 547
580 619 662
375 496 682
28 299 939
827 274 382
656 247 775
571 573 79
253 860 490
740 703 588
210 907 992
902 532 527
179 383 424
795 442 926
599 398 65
68 220 886
399 175 466
227 681 730
617 126 695
372 573 618
32 830 188
198 66 375
412 402 545
883 596 350
726 914 406
908 847 605
38 731 774
641 912 647
321 664 345
632 230 722
843 214 20
240 711 848
590 199 723
42 157 566
251 556 907
227 523 479
96 878 718
311 497 697
53 89 634
545 892 547
509 178 999
28 27 800
873 33 444
842 831 147
109 876 992
774 205 607
908 91 15
770 331 612
486 640 845
720 854 122
651 397 949
600 745 857
357 293 670
556 733 13
181 217 326
114 539 982
379 72 905
29 676 970
842 301 980
511 250 434
83 658 65
390 474 327
897 270 758
73 223 614
713 616 376
248 695 527
431 326 902
138 742 451
768 367 345
767 303 340
571 392 297
277 900 689
828 277 882
335 358 35
715 570 621
727 453 289
418 136 536
820 622 989
450 797 153
457 319 460
195 563 788
337 850 761
786 458 246
777 774 492
455 172 890
285 126 375
280 404 141
152 587 636
50 101 98
313 757 422
709 905 722
66 899 756
883 78 936
515 546 530
875 326 771
401 601 280
879 683 522
177 261 309
679 811 298
889 369 423
73 543 399
478 10 414
217 535 484
120 831 720
507 757 583
909 917 378
465 725 79
780 707 576
549 45 666
628 109 864
745 768 263
364 22 873
399 294 589
623 532 813
867 533 584
149 160 438
851 58 399
694 632 978
301 39 557
859 899 920
764 687 29
415 819 840
350 335 280
593 254 214
181 40 12
898 729 65
598 73 684
59 841 614
852 442 28
403 859 641
160 447 518
59 266 668
391 839 789
86 899 57
446 124 539
113 435 415
300 746 569
760 387 830
19 534 720
272 540 452
322 766 667
360 367 225
343 852 501
200 718 317
857 757 425
212 852 365
54 78 278
387 741 265
777 537 984
469 777 114
875 97 751
827 480 166
728 621 432
552 450 240
288 19 642
497 145 202
413 607 370
881 407 991
512 104 253
243 387 475
364 358 105
374 576 787
493 747 426
391 20 545
49 575 67
771 725 496
669 302 441
505 516 472
154 277 638
324 756 165
636 738 603
50 461 583
356 666 607
87 560 878
554 761 774
98 565 438
159 710 756
96 239 231
353 860 15
502 340 397
487 654 574
328 340 171
633 555 675
725 727 102
849 374 671
606 892 432
716 540 934
23 156 567
428 856 477
148 101 163
174 665 992
185 264 497
720 83 842
726 331 23
364 430 500
358 916 868
666 588 710
404 661 379
104 417 713
86 830 237
3 105 155
797 813 240
453 178 873
168 824 636
774 847 870
367 683 836
350 304 225
273 639 660
651 640 580
488 912 949
867 576 895
914 671 902
42 179 46
376 438 562
801 809 240
806 505 778
567 190 222
263 602 725
123 888 430
508 362 568
160 743 272
884 137 630
119 374 254
374 28 782
712 915 286
372 491 369
12 735 378
837 804 66
89 914 585
426 596 6
566 431 602
830 16 37
650 371 991
405 523 409
783 481 244
534 875 549
525 865 301
428 550 673
890 374 713
106 526 547
111 809 534
635 306 911
561 912 742
77 103 13
682 225 199
491 140 879
130 767 784
435 51 927
509 870 269
70 398 576
38 171 442
696 557 685
336 515 412
909 624 947
244 498 702
470 462 801
321 566 630
163 638 457
246 657 651
751 39 873
420 246 343
713 525 633
801 455 345
220 39 483
341 496 22
554 597 878
337 290 868
627 604 570
73 200 67
490 419 403
42 29 841
415 577 857
740 598 480
262 846 728
761 854 301
440 169 932
545 101 124
489 226 838
188 40 959
843 93 661
82 628 166
749 338 977
737 77 401
393 772 75
838 647 798
817 145 953
288 338 583
244 822 669
179 81 414
870 271 284
655 386 685
314 113 539
537 434 336
693 232 619
730 701 411
835 161 585
499 715 669
770 176 568
824 466 712
292 173 712
231 348 908
199 742 601
391 465 94
304 553 784
5 594 747
132 576 559
110 776 170
208 664 907
19 7 34
828 869 498
73 848 275
251 301 764
182 786 69
699 542 499
321 363 716
746 723 485
150 106 400
875 528 508
546 478 546
629 761 511
149 230 208
804 173 173
855 559 320
383 92 862
553 700 579
2 865 522
794 865 189
369 564 185
374 44 893
848 683 559
894 665 808
419 653 482
526 410 220
104 73 660
94 531 616
470 36 452
818 345 725
247 844 97
855 570 98
749 285 241
794 502 99
766 776 58
592 43 744
27 487 68
504 268 971
192 774 323
19 494 79
246 125 147
669 715 247
615 557 804
804 663 146
504 713 335
751 511 364
558 873 4
476 425 972
71 62 297
55 70 224
1 770 848
853 573 992
473 375 276
18 177 102
640 837 151
677 680 325
205 410 950
725 811 34
28 49 432
703 64 524
357 696 218
577 881 739
768 363 133
279 882 292
731 230 799
170 701 450
840 77 426
277 20 895
33 619 155
491 174 448
758 364 953
537 52 92
314 608 260
619 108 754
670 355 425
329 72 22
335 529 400
227 637 340
4 442 507
358 213 322
16 565 240
53 566 857
202 110 637
508 38 482
335 85 40
280 825 968
137 79 270
409 449 162
829 90 604
794 842 742
597 680 330
145 227 408
215 744 322
147 146 491
277 622 527
295 730 389
271 469 53
812 401 516
90 276 7
765 481 256
881 511 760
309 749 960
887 585 291
621 433 954
244 139 200
326 445 927
833 325 336
562 838 686
463 231 177
612 683 953
804 141 180
418 638 990
244 117 321
13 348 628
154 869 522
873 569 13
124 811 217
643 4 986
143 364 557
265 206 128
912 414 278
633 88 272
417 337 696
705 900 705
130 412 12
93 551 940
211 719 175
442 862 297
693 441 552
811 719 957
917 254 664
915 853 548
381 374 381
161 628 159
65 56 422
335 701 21
75 440 624
283 579 60
436 234 156
363 458 40
608 753 789
762 85 265
34 138 397
341 842 681
16 630 753
868 93 816
644 21 61
902 186 961
314 64 84
405 60 108
644 102 700
98 675 89
123 8 279
25 839 262
627 522 854
210 168 479
255 204 123
661 446 71
259 268 778
555 230 135
102 858 909
241 43 944
800 684 934
446 799 400
243 1 62
289 405 923
472 845 540
649 582 448
332 125 397
754 876 737
857 27 649
773 84 609
72 915 399
335 725 750
815 421 825
683 162 622
665 905 674
718 93 103
841 431 302
63 218 98
66 295 867
436 606 75
432 718 859
384 735 915
99 83 183
695 531 421
24 23 144
234 127 568
258 599 742
221 182 987
884 865 949
607 698 977
443 39 117
905 363 940
580 2 871
820 144 982
592 430 390
899 416 456
484 270 836
559 610 722
685 567 694
215 602 30
173 674 803
223 279 474
1 808 976
292 61 417
775 258 318
282 391 901
872 901 117
313 736 410
871 29 432
605 679 513
151 709 506
63 9 623
283 571 168
38 648 854
337 178 797
298 536 590
484 46 803
513 802 414
630 413 507
22 910 39
514 436 8
686 404 903
141 647 670
887 717 21
370 616 609
823 152 713
693 447 878
112 310 394
149 907 519
828 670 192
420 127 368
349 88 126
650 101 607
595 87 657
894 572 333
502 448 254
634 555 952
321 634 594
410 858 732
153 319 183
799 898 105
351 721 597
289 76 258
790 550 816
845 209 863
784 268 122
819 227 18
547 699 424
625 106 822
448 96 83
49 243 697
565 436 305
584 905 551
483 126 807
856 156 364
401 634 814
124 452 219
517 8 913
369 844 422
244 91 590
144 808 328
907 226 164
133 392 939
786 76 910
840 563 623
796 376 439
504 40 700
785 613 143
285 828 512
585 106 751
269 449 760
552 290 818
292 669 398
561 878 128
668 573 237
585 546 274
577 132 958
743 405 96
687 801 672
220 740 67
7 63 570
380 621 959
604 390 495
806 213 972
799 525 46
169 17 753
30 148 155
717 14 773
512 184 533
493 454 67
42 697 985
724 736 269
580 778 878
633 68 423
882 706 774
230 18 524
2 599 417
826 546 403
279 30 789
93 318 357
866 534 614
635 152 962
800 159 287
140 424 473
99 787 32
713 721 729
461 719 924
53 344 931
233 438 848
114 639 309
341 41 124
392 60 867
914 419 487
238 92 669
13 409 562
238 283 804
287 701 532
384 652 290
776 434 611
443 336 493
882 861 152
552 665 12
123 383 85
92 446 966
813 340 591
761 210 524
96 445 397
53 588 811
594 458 188
858 844 665
88 148 977
518 547 255
821 168 283
637 27 112
396 718 231
475 26 612
664 193 832
499 894 685
869 820 388
323 151 970
164 102 76
237 638 866
340 216 994
199 410 540
636 69 957
121 427 43
869 370 254
99 321 16
93 276 716
568 217 720
66 155 870
682 573 323
349 225 749
832 561 125
91 607 685
199 631 646
243 6 315
199 151 733
833 512 653
585 207 823
622 316 807
276 562 100
413 652 10
477 14 703
377 849 437
374 308 104
689 154 745
453 506 300
448 277 747
486 623 369
376 596 601
718 55 821
885 492 695
519 825 961
557 291 833
54 721 106
593 621 192
83 546 746
153 118 399
23 687 979
478 732 717
670 483 231
295 306 203
513 413 198
497 804 703
701 681 34
832 52 997
252 198 700
597 914 88
452 18 70
164 743 694
821 685 841
65 307 437
386 440 634
510 593 581
548 38 559
549 773 895
902 20 901
626 46 880
619 164 647
448 379 91
595 103 242
113 625 935
173 347 329
413 819 788
552 202 653
60 662 30
851 674 533
160 828 720
449 477 586
511 164 488
450 773 593
400 634 238
21 883 495
554 362 262
34 415 123
487 392 196
90 613 325
664 111 59
730 792 126
235 176 281
409 466 669
883 45 48
694 79 877
725 509 700
162 407 900
548 645 451
207 836 929
150 518 659
374 787 45
794 664 295
871 597 860
320 100 677
742 60 111
177 209 305
794 425 65
94 452 211
240 221 356
580 411 517
246 841 699
505 389 656
65 164 506
914 736 158
555 123 955
503 262 891
93 259 866
437 851 958
197 537 809
780 310 103
231 279 862
236 44 435
709 677 354
609 839 595
908 186 106
367 314 915
432 889 138
426 133 139
729 106 559
733 66 114
379 206 743
795 510 318
1 549 118
543 11 806
814 28 943
599 881 423
776 688 12
824 5 92
295 487 740
605 439 715
606 398 741
19 559 919
424 868 989
911 318 254
596 239 682
625 906 858
42 537 568
661 602 940
94 847 40
759 266 65
785 585 15
115 846 34
915 264 50
763 768 752
494 756 32
126 553 985
562 407 188
601 106 867
523 416 282
163 695 924
778 594 662
577 882 464
230 153 628
91 451 760
499 610 550
550 23 251
258 316 148
685 67 711
552 61 134
83 154 508
243 370 939
186 768 853
114 502 274
287 373 595
692 775 609
543 858 571
737 29 349
388 549 911
903 596 211
834 674 636
60 387 450
374 57 434
134 878 885
339 727 385
497 124 589
596 430 811
808 362 175
770 236 863
785 339 299
183 492 739
390 19 946
416 574 541
795 617 224
210 63 941
740 662 161
22 701 65
295 373 347
344 814 190
355 843 891
676 610 755
284 686 995
215 336 549
888 194 73
714 63 631
256 352 359
82 27 471
29 900 651
63 899 776
126 491 972
256 795 601
767 754 127
568 140 827
344 882 911
653 366 709
55 395 742
541 409 196
462 834 374
215 177 932
858 489 119
584 898 123
786 772 111
425 142 356
32 791 533
113 677 863
769 319 963
168 63 361
910 448 770
601 735 298
605 35 939
749 404 494
328 431 343
302 895 156
739 238 404
36 452 654
526 456 756
312 53 512
229 746 414
441 460 315
702 747 672
257 525 422
295 541 727
834 650 572
115 451 595
527 857 300
694 867 941
661 458 287
70 50 806
893 471 591
723 455 629
828 211 924
9 278 35
336 280 234
89 569 309
73 363 72
221 85 143
74 848 417
27 167 964
776 895 377
291 666 358
866 883 576
316 99 733
692 277 410
520 123 407
269 82 312
612 629 445
832 844 609
329 576 706
66 549 244
741 863 822
196 204 479
760 317 764
156 533 561
441 141 986
3 798 384
59 729 243
732 760 480
314 115 786
714 863 860
907 49 837
355 648 353
136 39 296
299 14 547
24 628 511
729 554 825
355 813 947
24 311 777
303 704 658
536 212 179
680 106 572
4 319 246
293 480 604
766 819 321
360 881 326
42 689 251
5 144 402
630 121 249
424 544 26
475 366 257
213 457 695
364 737 204
558 411 814
138 411 360
906 612 963
486 707 88
705 843 72
283 12 302
552 224 572
603 780 48
724 510 20
903 780 329
503 609 667
562 356 318
620 775 36
861 102 76
124 248 415
16 80 61
542 266 422
670 403 929
731 371 280
835 166 846
103 603 874
564 742 778
209 904 290
432 122 70
533 889 753
897 532 118
166 111 409
57 240 119
31 393 82
289 461 832
317 216 224
90 210 380
436 641 623
483 733 844
569 494 498
232 197 417
387 210 558
231 138 356
233 399 955
290 406 507
39 44 588
56 671 152
207 591 43
517 564 530
853 486 452
547 147 872
633 856 5
587 894 117
572 133 649
906 621 28
659 470 834
244 175 768
808 677 932
758 748 148
296 767 245
395 751 657
420 152 862
343 115 564
840 595 908
605 610 429
320 386 849
912 536 953
271 244 932
277 859 230
126 760 345
544 721 884
827 34 804
330 345 454
737 378 15
567 18 546
652 671 587
823 139 473
399 523 524
522 306 100
318 551 801
703 876 500
36 487 241
285 840 92
455 863 25
905 432 237
204 393 41
249 439 138
305 726 75
76 22 215
114 306 381
565 746 581
484 592 13
178 806 139
700 681 503
402 521 572
51 377 655
35 902 324
686 204 970
150 17 591
672 53 113
251 824 372
175 379 879
581 350 647
40 8 975
52 836 395
583 498 684
358 509 945
486 547 738
707 426 139
910 544 584
659 723 756
9 875 862
880 102 994
353 690 29
176 297 236
154 715 415
125 467 925
894 291 87
188 666 224
202 258 446
744 200 706
50 540 392
180 114 251
524 873 625
585 134 210
426 455 836
294 399 105
103 487 832
719 401 228
505 741 944
382 174 538
845 258 313
206 288 975
328 292 857
125 229 840
374 384 870
189 640 965
121 84 148
575 862 576
142 903 314
327 558 455
567 54 555
828 687 308
607 478 359
804 4 413
283 372 380
843 523 639
801 207 912
158 357 368
567 653 367
643 337 330
395 565 359
915 315 707
864 46 653
444 273 312
748 737 334
759 245 190
544 660 798
884 117 666
92 195 214
593 700 283
230 804 201
50 525 235
470 357 251
269 779 319
309 491 828
805 848 128
41 617 530
462 405 175
66 570 674
240 292 979
100 647 621
794 776 480
384 846 434
489 798 688
781 724 723
874 648 651
133 667 237
321 41 764
822 236 776
916 420 6
434 732 703
158 857 43
677 190 439
9 583 613
197 794 232
68 795 348
317 368 273
164 651 173
325 58 618
570 429 485
57 244 715
771 409 37
35 372 957
130 867 796
439 724 518
783 128 190
495 298 884
854 826 569
501 346 987
561 12 68
658 316 673
775 262 223
897 67 318
712 69 85
698 819 716
499 604 382
805 175 969
426 111 525
58 465 666
702 230 681
273 421 149
221 171 828
850 901 866
489 818 425
302 448 577
81 293 440
206 702 355
166 601 516
211 337 146
913 240 872
408 623 734
315 551 676
860 414 612
434 71 400
515 792 606
247 585 95
108 695 366
625 758 340
581 320 655
443 181 171
330 398 374
444 169 652
371 277 680
742 57 94
808 405 465
510 128 543
636 271 9
33 171 73
819 231 200
133 201 313
410 457 935
52 589 671
58 323 517
697 676 36
479 888 171
420 772 162
27 78 674
330 446 174
666 598 431
684 11 609
148 142 492
321 174 952
287 591 184
690 802 515
242 160 30
316 340 369
474 714 745
222 366 856
257 236 45
320 655 400
709 575 828
32 611 683
128 100 426
552 908 500
112 868 317
755 143 399
344 254 644
167 593 44
74 225 1000
658 794 79
847 442 293
66 439 120
257 330 631
43 81 578
530 364 859
846 489 588
572 243 377
668 345 352
333 59 175
368 909 247
778 747 38
347 288 595
491 584 569
445 60 855
38 683 570
507 680 600
213 54 201
732 442 837
383 272 291
7 26 248
444 411 108
572 235 791
487 13 889
651 444 937
119 865 623
297 212 625
345 889 252
239 731 897
706 633 735
135 766 232
6 856 921
764 265 633
511 100 13
892 369 137
69 182 456
761 264 430
104 533 694
411 334 387
852 763 738
890 696 791
204 613 256
669 478 36
390 74 525
638 555 351
126 860 581
854 847 329
100 331 556
239 536 892
890 60 535
539 447 585
645 633 542
725 693 777
542 123 913
778 35 778
589 884 902
408 152 820
672 767 940
565 669 337
342 424 580
806 594 848
400 354 412
161 744 872
177 707 182
662 277 689
445 667 323
750 371 218
802 789 746
239 684 15
546 729 986
121 417 160
17 528 475
357 326 354
603 27 729
250 608 395
725 479 708
736 268 642
897 574 396
819 25 408
597 890 122
257 823 784
598 170 970
539 591 781
82 753 817
439 915 752
706 65 586
80 565 453
903 8 1000
572 509 748
47 318 753
401 629 623
418 151 744
419 256 407
144 775 107
561 292 562
53 598 113
671 685 570
374 834 359
486 39 512
730 676 295
465 522 208
56 252 642
241 628 16
742 746 99
546 66 712
534 410 190
759 716 973
155 206 803
307 510 48
620 556 51
597 611 122
484 293 507
805 493 352
27 560 488
674 175 574
199 880 409
534 103 662
724 396 881
330 696 576
494 298 692
698 879 228
133 64 10
524 688 440
443 57 421
633 27 278
513 320 421
57 876 360
858 716 427
907 677 11
911 160 131
59 292 784
582 229 754
68 331 356
266 43 692
331 215 832
377 661 337
839 898 300
810 598 913
895 74 450
594 479 856
787 770 685
636 322 742
684 63 754
119 897 172
345 310 599
681 657 908
1 622 640
440 627 192
422 610 62
515 22 330
96 760 997
848 457 205
252 879 768
260 398 256
145 469 541
572 253 988
531 312 944
731 810 748
327 427 69
104 33 375
376 478 360
43 192 315
119 71 243
833 137 297
496 862 296
701 398 507
552 549 518
750 359 964
698 900 448
810 517 234
193 502 154
906 562 260
165 184 400
275 198 106
182 112 803
443 656 942
410 153 539
701 383 993
740 18 889
424 663 693
697 473 367
257 92 665
578 836 541
591 259 207
594 672 602
455 270 807
496 167 306
449 219 780
416 813 434
296 104 307
692 860 549
476 802 898
442 706 828
496 751 46
837 630 217
654 25 558
898 803 687
586 803 997
527 481 491
619 223 350
234 22 121
879 177 182
290 199 603
538 717 837
261 337 429
395 906 482
645 188 45
453 61 55
528 622 285
605 52 194
153 146 258
306 907 317
877 477 662
222 232 324
848 647 615
639 777 828
584 722 909
661 15 623
841 167 549
470 853 645
635 123 398
633 601 668
646 151 437
183 861 5
536 115 339
236 490 467
472 274 218
609 602 348
771 104 866
380 75 430
680 134 975
883 184 99
699 103 136
127 811 225
549 697 446
166 630 161
209 674 315
417 309 283
186 92 224
436 700 740
339 52 280
364 853 645
397 480 293
312 489 506
411 615 941
330 812 950
487 817 150
747 472 994
898 702 369
503 905 50
572 747 894
888 242 110
449 720 572
869 428 14
138 329 437
256 129 50
682 218 579
530 95 132
67 441 46
418 359 872
222 558 652
409 881 916
481 126 808
424 47 327
719 267 908
218 859 19
503 892 438
262 348 664
306 139 790
799 810 660
908 14 385
202 231 485
301 803 58
296 525 234
134 827 507
395 672 81
45 666 4
372 406 70
915 526 354
224 194 497
858 648 834
867 676 201
79 184 631
383 264 786
246 739 62
87 294 930
883 147 437
755 268 812
295 577 670
615 392 585
550 335 287
458 517 309
239 465 237
771 449 396
594 18 976
253 267 88
895 894 317
144 158 715
793 767 263
207 13 999
819 238 791
678 608 649
235 605 459
472 418 26
258 810 974
370 611 693
57 372 193
197 320 526
311 209 189
511 343 747
828 316 90
786 490 703
809 708 717
79 887 188
449 273 485
677 321 70
494 34 277
607 357 334
565 630 406
840 687 615
607 165 26
841 31 263
182 872 414
218 740 727
61 145 912
290 99 375
548 821 352
429 653 102
5 708 46
690 749 971
799 712 278
736 395 506
183 585 741
93 315 942
603 494 530
98 342 14
135 217 228
711 344 826
639 832 344
589 375 175
32 904 411
282 698 750
150 18 5
515 847 180
659 832 855
291 357 543
247 120 616
365 512 20
585 334 260
447 816 43
330 385 208
897 542 292
511 84 932
398 438 209
549 309 118
376 510 307
694 274 562
436 837 307
241 290 680
276 280 642
230 68 872
288 368 411
260 784 697
223 838 986
851 52 866
851 309 343
198 373 636
837 777 756
67 344 557
583 354 884
760 441 396
336 392 603
730 648 942
630 606 812
799 758 52
139 317 835
887 631 590
440 432 362
215 862 142
785 366 263
461 202 734
663 616 933
761 523 404
25 463 941
6 468 409
814 745 488
137 853 597
705 481 718
818 244 522
536 6 923
819 513 535
296 488 40
774 192 783
442 432 768
383 308 201
270 74 648
110 490 449
214 200 871
868 828 634
890 762 303
844 155 863
863 712 9
382 864 843
188 148 102
311 20 7
119 678 700
510 677 475
683 487 431
630 323 159
770 557 108
794 289 611
749 781 247
31 241 894
188 294 836
844 846 1
566 230 815
276 721 686
825 505 552
701 261 511
427 86 355
540 63 790
379 790 555
567 574 67
477 241 17
485 846 43
243 883 682
205 755 915
848 144 826
541 170 304
206 551 614
588 473 177
717 279 822
11 472 520
589 279 650
722 433 213
221 175 525
524 427 886
203 404 187
836 369 234
316 638 770
370 845 984
914 320 779
876 893 29
368 836 982
649 63 329
89 282 897
590 851 677
814 400 509
804 370 63
661 97 541
752 739 769
122 172 736
10 412 807
54 760 765
130 501 412
860 258 75
457 333 719
894 751 37
787 58 462
558 221 754
277 701 387
785 861 416
917 415 932
272 20 932
631 593 567
129 853 929
128 567 366
473 65 230
656 327 39
76 775 734
530 900 277
806 210 541
403 108 691
97 447 366
797 772 522
292 759 748
685 63 693
86 140 810
6 364 405
446 854 367
463 615 828
500 538 383
65 678 732
914 672 350
505 883 606
373 556 450
595 491 822
761 25 399
352 672 864
590 51 729
354 484 876
727 187 799
735 449 629
13 541 849
19 753 539
480 111 11
809 529 817
835 907 76
204 521 181
578 40 890
656 501 474
398 80 92
173 612 670
552 853 87
715 179 209
27 59 681
94 441 447
99 116 501
915 807 909
912 16 554
878 173 267
330 372 328
95 147 709
360 537 937
282 715 688
526 472 984
8 305 24
107 647 251
499 473 74
434 768 208
897 23 610
791 526 613
228 523 605
654 19 522
241 313 378
847 888 587
363 169 106
671 812 754
739 891 175
352 346 325
691 726 989
9 703 530
143 88 507
25 747 530
238 547 625
235 538 682
334 248 468
698 526 195
914 282 52
67 887 537
758 141 506
166 11 744
437 407 553
694 556 625
366 313 899
536 814 842
255 560 305
914 567 139
827 345 711
555 259 454
10 443 936
651 111 871
389 75 652
48 4 446
573 638 76
368 315 17
566 792 585
546 212 54
347 647 368
855 209 528
160 869 693
295 562 190
133 726 167
864 470 721
4 282 366
753 55 899
638 679 322
423 115 607
37 854 448
586 613 965
231 670 44
550 152 189
173 442 471
262 367 158
165 727 606
184 678 8
899 889 786
264 86 653
468 357 959
186 624 536
497 788 53
696 666 453
637 448 278
767 310 406
81 280 320
227 896 384
888 453 551
322 527 954
407 329 178
793 99 599
692 864 940
251 410 769
179 856 882
496 355 73
666 354 360
847 513 359
745 355 405
612 210 532
235 238 777
779 258 94
132 177 211
484 709 305
608 477 219
228 598 39
121 180 904
833 641 764
769 344 13
782 904 97
914 755 744
180 633 846
507 629 309
646 414 38
570 155 925
206 52 550
241 10 18
428 237 791
826 510 329
470 83 880
744 733 762
535 722 19
