1000 4973
598 899
359 547
473 391
676 228
753 457
96 536
80 125
63 945
999 222
230 162
153 916
875 667
234 289
586 986
83 383
954 102
720 173
331 626
195 818
248 914
596 90
924 831
766 242
160 751
213 662
473 467
933 114
882 452
661 520
795 522
591 893
651 468
421 579
907 501
395 18
885 952
180 206
401 239
790 771
699 887
115 722
829 743
223 40
443 859
989 561
390 267
504 678
74 783
520 498
592 380
299 161
302 125
675 56
469 660
530 894
970 939
828 522
334 199
389 173
179 267
393 170
503 3
747 929
859 932
950 582
712 440
59 700
493 588
801 809
80 516
11 297
86 727
658 377
867 718
677 102
927 400
381 852
720 381
829 736
468 158
154 311
599 608
410 945
86 838
965 774
492 617
143 815
771 14
864 956
224 918
958 705
69 112
564 660
601 575
488 448
658 27
876 742
255 986
506 378
312 110
148 167
370 646
442 267
795 619
406 166
29 351
140 425
638 952
69 311
143 91
771 345
954 532
117 918
958 116
665 367
139 182
106 594
867 621
398 292
328 253
491 603
681 575
645 449
436 894
387 932
971 786
902 110
138 191
803 108
948 534
165 812
576 536
594 155
153 761
408 36
338 711
927 676
638 415
321 628
252 416
325 22
92 1
240 45
403 414
153 221
872 664
165 768
197 457
910 132
1 686
143 543
755 526
737 593
663 259
371 844
118 614
333 535
323 209
489 166
779 81
721 627
958 462
446 233
598 506
927 47
896 457
416 332
382 700
878 289
72 465
331 238
578 783
260 162
958 345
525 53
354 875
486 915
277 673
774 289
248 45
488 483
997 813
854 531
728 814
356 597
802 182
393 37
363 603
237 62
510 100
20 111
370 523
258 932
595 446
152 532
119 62
375 869
908 481
514 511
823 214
733 543
437 66
472 211
994 769
367 769
663 820
923 177
778 603
505 110
891 655
547 176
417 742
658 501
924 440
491 332
197 917
257 418
497 613
630 473
833 963
133 421
172 896
671 19
808 444
213 706
470 944
180 382
221 748
518 536
707 752
612 201
758 450
788 552
274 982
904 130
89 266
961 594
398 113
368 869
404 405
353 141
444 60
979 996
691 386
29 992
486 675
231 567
828 148
842 801
221 398
59 479
630 417
223 117
723 948
631 711
796 499
33 547
705 796
238 594
592 878
791 119
775 530
481 751
851 834
475 644
747 91
268 651
430 654
968 81
95 584
1 768
596 480
347 60
57 636
656 650
938 799
353 984
890 910
889 254
764 80
840 769
506 253
162 107
551 967
808 315
855 39
772 333
345 242
593 280
117 618
80 698
854 668
925 932
415 929
395 44
414 587
804 267
971 231
510 225
493 399
68 995
924 866
777 418
924 55
563 932
397 966
586 920
806 985
418 422
314 969
991 52
756 549
704 30
885 396
633 483
869 450
210 526
580 223
563 981
30 155
765 860
895 925
714 64
327 282
171 589
293 962
369 939
777 566
115 650
870 798
351 567
448 6
725 351
252 142
357 798
324 984
434 96
182 317
883 417
664 341
702 141
740 448
855 548
961 856
798 47
305 796
123 629
671 265
611 509
50 89
122 289
573 107
277 414
591 939
797 999
137 433
265 196
188 282
763 904
73 750
840 187
604 396
142 247
805 168
765 483
115 562
117 858
579 909
685 536
687 793
500 693
357 593
123 300
341 349
731 486
597 749
244 863
395 904
592 928
457 734
294 216
21 624
722 543
45 553
889 707
213 787
287 75
74 459
41 130
719 643
243 378
353 859
361 192
463 266
67 725
712 211
507 305
35 508
360 6
628 402
186 173
665 822
206 40
815 817
826 767
836 167
854 194
331 55
577 702
671 585
331 897
29 674
67 499
341 752
488 163
838 155
434 83
363 422
961 543
73 678
311 903
26 228
719 172
722 534
262 487
464 298
446 524
406 911
340 735
466 71
935 964
421 212
711 437
558 823
832 895
33 182
908 887
67 17
305 782
161 767
723 617
638 18
494 48
828 784
577 941
394 56
746 44
47 266
927 241
840 169
290 214
883 205
565 242
559 145
478 967
154 76
318 77
410 242
639 312
615 66
451 514
180 386
950 45
68 17
512 745
185 869
846 589
302 816
645 818
687 609
228 346
194 390
910 975
785 108
713 415
345 34
32 469
808 283
682 598
519 823
133 798
523 593
931 534
731 764
710 166
565 246
252 10
714 173
604 668
240 860
224 433
920 910
884 455
795 881
962 684
635 126
49 887
216 159
239 200
747 498
324 65
642 679
812 533
220 991
872 457
25 305
153 351
797 542
338 216
156 375
157 383
503 40
31 346
876 344
306 639
492 319
312 610
739 966
560 537
410 411
215 696
69 83
444 985
48 551
756 89
180 890
839 174
492 641
473 977
676 666
107 576
900 911
704 280
617 60
212 768
72 513
233 208
260 845
254 190
897 330
954 208
185 72
97 190
900 798
849 660
463 91
255 741
165 576
140 667
839 385
713 738
823 459
309 316
692 330
649 330
741 281
890 766
776 511
836 598
926 421
657 333
845 736
519 611
849 168
81 627
328 607
360 734
800 857
181 114
749 571
507 147
808 692
769 594
646 779
475 150
120 858
265 339
516 402
675 398
427 251
824 62
551 878
206 818
203 964
504 585
855 787
723 423
315 978
337 894
29 533
504 356
782 684
487 549
941 784
255 130
937 575
476 173
810 128
333 191
902 879
921 168
778 425
755 147
286 993
958 978
124 177
710 332
807 411
147 122
59 797
286 305
776 159
245 222
600 312
692 422
840 487
604 141
417 93
308 431
517 221
295 962
647 799
813 513
956 316
615 64
563 102
627 991
213 964
290 308
769 964
419 648
371 76
962 697
854 316
800 293
983 877
857 758
234 316
823 473
455 366
628 108
791 752
448 159
959 300
983 265
635 504
936 317
865 393
365 968
645 347
403 588
427 633
924 857
502 177
975 103
73 698
415 838
252 356
288 575
218 865
555 773
921 568
830 23
193 421
710 130
620 977
117 610
769 167
753 26
458 374
160 483
243 469
443 352
727 496
327 499
72 897
694 812
309 860
127 997
598 73
664 495
302 825
920 793
988 509
188 660
429 584
11 181
621 798
965 97
654 937
324 308
970 749
106 980
865 386
662 500
531 247
759 944
412 955
688 31
409 31
511 176
854 17
460 208
250 643
469 125
703 674
966 798
517 628
612 889
314 932
831 148
248 491
976 574
322 730
162 935
833 594
865 697
336 22
828 669
885 97
443 377
960 678
725 413
546 132
766 700
69 148
107 481
345 366
58 142
833 333
737 938
522 419
843 514
975 826
925 685
857 459
309 702
13 333
895 850
713 397
219 15
139 333
621 30
65 339
486 214
623 357
327 104
775 246
348 19
497 751
42 671
539 119
342 888
101 485
555 697
393 975
900 754
582 380
105 648
277 923
362 979
255 847
593 964
865 357
719 326
96 228
40 879
135 913
409 770
321 381
82 352
592 793
235 870
338 220
643 399
988 543
883 188
539 302
647 193
261 81
1000 437
406 825
499 71
656 668
602 831
821 169
215 654
143 93
971 372
94 912
901 694
42 64
703 766
124 167
559 890
780 629
531 27
659 636
676 550
328 247
890 390
476 829
240 798
635 567
711 937
630 15
891 888
304 64
983 896
621 125
74 823
128 830
680 507
517 66
583 231
21 728
133 547
99 111
687 173
24 609
262 77
892 432
375 6
643 801
235 509
989 384
147 741
126 494
193 330
560 603
810 894
25 654
890 209
671 889
28 749
858 6
612 991
842 674
2 391
475 951
590 497
884 281
95 679
245 758
302 761
49 43
33 942
13 5
659 974
967 249
720 800
410 632
943 3
952 809
133 289
313 951
64 552
25 206
363 795
875 752
17 965
605 476
359 941
308 313
751 535
94 270
349 30
369 830
924 918
174 678
118 939
13 860
565 351
658 19
987 331
861 227
256 105
42 747
519 541
315 601
777 172
78 982
724 146
838 264
363 613
895 388
308 607
954 438
383 783
993 132
298 655
923 10
561 771
745 62
598 829
962 392
638 819
731 255
732 231
309 594
129 500
759 159
962 297
800 564
798 532
913 897
218 73
381 427
93 684
314 766
973 562
608 734
599 45
286 632
620 579
677 739
487 628
769 760
129 601
921 708
424 428
458 372
845 874
885 924
13 259
808 627
806 251
88 398
165 289
492 382
968 534
728 269
314 269
813 575
833 350
134 16
905 524
619 91
229 158
16 433
265 31
911 951
821 736
54 790
375 20
165 305
240 771
811 745
370 411
650 945
910 163
563 482
564 540
473 809
361 529
323 358
126 862
471 251
185 982
38 400
367 442
595 342
811 64
26 53
673 633
528 351
881 650
756 387
452 783
114 226
143 767
2 481
29 549
539 711
561 259
834 921
379 47
836 917
216 875
340 881
531 939
213 46
755 393
169 814
370 204
578 553
8 492
7 332
634 672
409 568
800 228
855 439
161 773
843 986
777 27
493 274
147 803
115 694
25 487
811 376
958 932
135 40
465 801
781 608
394 319
820 506
107 313
492 897
994 904
976 131
481 827
522 588
245 424
7 569
781 806
674 301
340 348
323 508
714 980
92 960
181 966
864 597
27 480
851 511
619 36
565 693
433 103
622 115
605 201
474 170
275 238
133 429
992 841
647 367
374 317
265 991
219 803
845 555
494 738
795 916
647 911
65 524
826 552
999 716
448 814
526 345
710 202
930 212
649 793
753 34
639 525
462 937
891 265
287 183
894 274
628 825
78 725
796 110
156 370
776 523
687 896
67 606
121 679
33 272
997 118
822 873
421 159
810 717
327 426
755 749
185 373
495 814
403 993
137 250
500 61
429 492
569 881
159 594
326 628
971 584
294 175
347 210
114 251
41 764
117 94
409 269
9 816
129 915
235 742
103 817
287 276
786 40
880 339
876 616
240 242
241 196
13 189
313 650
232 576
500 249
707 483
819 291
378 541
414 98
36 686
308 651
303 159
420 845
16 633
973 284
41 971
577 70
544 594
172 176
652 93
410 717
87 137
552 603
586 169
307 469
25 794
661 103
597 567
971 570
140 211
912 380
624 609
417 485
417 40
834 438
644 246
989 664
714 496
424 166
245 18
449 162
362 350
507 980
539 862
91 814
254 686
75 40
581 370
848 1000
957 202
849 932
962 714
854 964
947 537
285 717
507 30
865 928
682 404
510 352
831 508
227 640
834 422
428 654
620 411
669 893
92 393
58 988
494 70
421 366
770 259
317 386
634 708
840 646
160 668
569 310
712 18
769 841
241 456
700 498
938 389
665 715
439 752
557 888
210 642
212 866
653 339
965 333
271 305
587 509
326 355
608 70
240 224
610 483
702 816
349 568
105 783
99 167
872 603
517 51
428 758
476 298
451 88
235 807
476 990
311 49
849 746
186 960
833 167
707 811
851 974
254 152
926 459
788 627
143 585
42 694
813 480
10 415
262 516
628 176
375 389
984 190
743 668
645 77
349 640
41 727
740 333
408 505
687 253
157 898
240 526
766 83
605 857
306 757
109 693
699 118
21 110
232 681
922 629
577 739
647 768
544 47
653 707
67 480
322 104
711 518
181 827
569 614
179 571
185 698
24 280
42 123
703 727
479 194
7 273
797 654
673 896
376 512
223 442
908 359
415 874
219 919
933 36
286 706
406 428
541 244
100 772
908 729
447 122
506 479
252 884
398 512
384 255
612 981
336 736
920 587
833 587
813 106
799 897
212 301
48 774
500 400
393 499
506 826
219 376
810 337
312 763
115 529
645 658
886 366
359 298
271 788
785 132
674 697
876 336
397 62
933 513
755 545
941 701
754 948
846 125
326 138
905 32
696 460
801 247
700 242
180 834
676 516
808 693
880 715
39 196
295 860
979 355
174 526
818 296
838 529
785 351
372 815
731 854
753 111
347 311
2 829
646 71
318 52
10 272
1000 640
568 633
933 244
44 925
671 984
906 982
615 296
673 545
410 697
50 266
692 730
179 82
794 46
933 522
471 607
41 150
42 528
336 509
464 194
83 686
1000 958
782 289
451 393
508 929
519 882
987 62
805 27
364 317
640 110
983 949
257 889
154 888
286 862
232 632
410 859
710 861
325 619
125 798
914 56
973 208
164 142
243 463
461 316
673 585
123 360
503 827
452 244
326 335
117 316
517 803
58 15
21 564
423 309
830 847
338 194
374 524
490 588
737 301
899 178
403 492
756 902
476 914
971 750
230 570
233 313
485 616
969 698
489 627
862 79
972 110
846 261
837 697
276 725
170 525
193 113
432 97
487 62
950 231
950 296
914 841
353 742
403 714
443 956
26 204
429 566
983 400
469 341
894 597
878 190
599 161
622 990
811 956
54 931
406 366
372 426
136 915
29 663
891 868
463 234
503 634
821 529
181 332
4 768
833 376
851 444
797 221
926 597
448 564
62 686
35 116
92 566
384 300
868 342
528 350
598 43
530 766
503 664
900 239
968 847
551 788
255 43
882 173
1000 294
573 146
403 723
299 886
997 817
464 547
67 993
428 815
583 978
334 536
414 43
491 833
326 727
38 824
809 356
121 149
901 394
596 431
903 93
941 298
763 706
374 542
343 709
860 158
860 715
2 434
129 826
584 357
573 372
170 19
830 968
784 402
411 330
912 864
26 761
519 253
626 392
293 924
470 414
828 249
629 760
868 349
688 555
546 318
432 932
380 701
952 347
380 64
646 734
810 559
415 988
26 222
890 683
59 582
318 634
671 57
20 473
802 485
307 897
81 56
984 23
663 479
569 58
295 718
901 511
170 139
334 272
659 413
502 145
741 939
286 104
539 518
914 199
853 316
384 432
112 981
813 979
354 367
302 752
323 229
414 155
67 806
381 498
241 348
776 782
901 710
424 214
389 498
281 537
449 655
712 862
434 947
69 856
907 934
442 877
900 660
777 857
262 206
299 592
429 545
908 143
964 60
214 567
746 465
732 971
161 535
308 799
628 660
95 854
243 229
795 208
390 729
321 230
449 425
890 934
819 549
616 104
221 837
90 552
554 674
719 108
59 695
747 373
271 597
941 226
597 981
959 722
67 64
235 553
761 760
679 132
153 331
424 991
554 249
226 345
320 297
780 362
598 481
32 93
215 238
889 593
1 283
698 792
254 641
973 237
614 966
997 231
449 974
279 856
13 859
677 761
490 469
144 160
642 803
891 513
899 774
942 814
775 694
61 79
67 613
526 43
231 483
971 734
712 782
241 938
390 798
671 212
374 297
960 928
51 844
878 685
677 896
901 861
967 316
868 105
926 790
882 779
186 140
35 344
719 593
406 84
118 377
796 932
375 799
157 72
67 255
345 869
306 549
164 932
181 66
430 65
94 246
884 669
973 527
334 175
482 12
725 432
746 666
706 482
488 715
950 702
754 23
628 877
170 689
483 247
710 896
378 617
105 283
20 105
737 489
153 879
569 122
480 457
331 530
429 821
139 166
50 426
158 155
659 402
162 198
971 676
720 799
958 786
95 51
719 606
703 869
869 536
229 339
998 419
901 859
839 432
74 801
662 796
445 219
336 679
967 158
28 159
467 425
332 76
334 981
712 407
624 233
272 158
790 986
365 773
97 932
278 339
444 79
54 556
468 498
604 199
417 171
71 695
517 712
529 201
220 773
630 249
115 96
445 339
829 177
102 668
657 75
624 637
197 877
895 282
364 217
865 869
455 606
604 17
442 459
976 314
904 167
720 181
236 740
927 31
124 19
452 736
732 101
364 514
218 405
688 936
802 857
174 715
433 23
63 400
598 176
526 141
32 300
558 963
271 648
754 9
867 743
519 470
795 585
504 35
561 273
812 627
818 887
931 552
31 614
231 981
838 199
127 201
959 683
809 693
554 845
918 239
280 594
388 141
851 56
908 624
224 818
837 501
750 814
470 171
786 360
806 529
794 664
369 847
900 829
481 56
923 129
778 587
671 551
448 815
103 209
731 569
952 261
143 351
416 5
203 43
921 352
260 153
940 478
778 87
50 648
781 489
727 105
140 585
677 669
568 575
110 176
492 469
4 841
703 690
955 775
409 498
372 482
907 636
875 355
340 715
414 310
470 819
973 206
143 637
256 554
442 618
828 941
423 918
458 386
580 385
337 593
232 228
88 222
972 736
375 929
832 658
724 928
466 701
958 570
531 739
308 22
115 878
826 214
642 606
244 269
464 422
617 352
531 545
840 12
931 768
622 23
218 221
787 701
96 689
448 89
595 802
651 385
724 201
372 934
157 728
374 582
748 234
797 411
568 949
69 812
642 945
306 668
475 992
376 425
349 575
180 841
690 958
917 345
781 569
393 328
550 694
947 228
694 526
860 501
842 856
37 751
777 390
370 444
645 992
926 676
462 84
299 530
690 190
799 480
527 90
602 978
950 855
992 954
560 670
213 106
831 37
465 606
427 291
599 642
674 685
859 881
513 678
401 825
733 856
475 575
260 798
791 431
48 555
94 130
360 877
731 510
397 99
837 178
275 922
810 955
574 599
462 455
404 427
343 946
427 122
374 514
157 578
372 594
72 379
401 174
664 31
993 793
781 663
759 37
195 966
808 661
177 928
913 862
219 166
257 389
955 234
851 301
318 115
139 847
926 441
819 225
105 390
195 859
676 640
169 695
252 704
712 39
73 205
904 929
517 178
941 356
361 988
287 905
624 982
535 346
704 360
4 336
671 608
672 316
836 477
305 773
226 60
401 167
257 109
976 643
583 261
687 518
465 575
121 923
638 31
470 637
616 925
424 841
596 58
439 108
107 58
124 843
977 453
993 714
126 756
503 161
271 160
410 51
542 730
136 253
410 362
122 391
379 895
855 806
16 280
325 802
735 284
384 950
645 36
759 205
277 250
137 911
689 202
907 159
28 407
926 923
180 121
837 557
604 808
161 818
454 473
931 548
92 482
721 697
556 860
496 177
157 411
13 22
747 816
424 857
586 774
933 202
384 111
20 376
719 276
326 597
383 377
443 460
959 570
570 60
212 413
590 609
213 767
342 103
501 200
418 729
327 497
717 779
591 686
634 178
779 752
546 733
87 575
626 249
677 61
380 413
516 529
205 656
775 471
542 529
370 227
601 686
891 11
982 422
123 438
162 920
913 944
716 796
623 432
563 565
737 788
220 568
59 256
665 784
224 824
491 801
462 613
284 202
933 91
605 682
841 873
308 139
700 15
222 991
416 166
406 349
687 177
690 53
781 319
88 565
323 123
359 162
859 256
129 355
38 296
918 45
29 833
647 108
722 760
937 784
335 211
325 208
909 534
252 788
952 578
443 428
460 628
666 173
939 377
741 482
137 332
484 448
84 77
912 651
865 91
197 805
218 97
645 167
499 718
215 371
219 904
563 142
194 150
874 91
33 745
838 109
248 342
994 869
82 738
243 709
220 377
348 294
403 126
901 387
722 23
206 956
777 320
580 137
764 638
659 762
658 526
822 251
578 419
976 423
10 122
229 118
592 341
69 375
14 893
719 263
411 729
901 165
557 376
227 239
706 31
120 102
85 988
156 553
747 662
306 250
516 662
26 935
20 985
118 138
717 525
13 449
622 209
33 588
788 163
126 380
37 774
276 66
901 396
429 835
334 263
225 977
669 96
564 330
300 392
503 629
699 351
882 917
186 435
314 364
61 155
580 586
842 390
267 459
676 424
300 441
254 514
936 437
75 803
222 150
285 953
766 499
154 843
484 865
546 601
795 639
51 965
181 434
606 498
777 814
703 359
584 706
483 333
466 495
453 450
411 402
925 571
87 642
373 269
271 28
381 929
882 61
960 16
900 505
521 337
116 339
468 258
478 915
892 858
27 674
1000 612
121 758
909 373
659 520
900 125
309 399
790 919
827 155
601 427
643 939
634 214
447 634
263 793
395 576
468 138
197 308
360 264
890 9
682 119
114 168
905 705
59 553
595 20
927 606
262 910
600 73
448 246
670 929
997 671
927 904
643 608
128 366
75 98
922 553
883 61
687 166
926 383
965 629
186 276
492 823
456 336
42 803
719 241
958 684
885 911
797 61
374 534
759 779
216 454
804 81
551 114
630 146
63 762
797 355
872 241
971 852
157 647
527 453
197 317
345 23
368 400
166 39
948 963
98 402
154 861
265 163
363 407
570 158
981 438
718 736
294 633
665 79
295 444
117 881
648 400
308 112
335 911
817 132
857 426
961 802
472 61
218 244
950 685
285 138
521 648
866 798
461 730
999 814
478 925
134 478
737 355
720 159
566 509
16 628
193 128
573 733
560 113
483 386
724 716
907 939
565 704
724 874
967 684
70 60
73 419
133 664
817 56
340 654
80 864
889 355
247 346
318 756
68 703
197 439
920 226
935 532
75 935
423 143
592 329
121 229
746 109
531 685
503 424
605 640
477 480
607 856
192 574
136 379
370 122
323 526
240 554
813 678
114 358
164 297
537 191
259 672
224 654
278 305
802 402
192 487
872 392
948 617
878 437
57 482
555 980
581 909
22 202
994 251
405 109
99 14
409 311
835 79
449 664
429 279
88 829
235 5
550 380
352 708
849 468
996 525
558 268
872 456
789 648
54 183
417 288
560 255
753 910
287 862
369 114
149 217
903 814
387 761
775 448
488 584
656 62
586 793
367 426
348 399
596 646
811 479
652 509
134 311
32 509
343 786
145 389
236 911
310 386
609 534
810 625
901 425
354 232
942 985
322 297
321 17
827 702
586 472
469 708
507 833
844 459
32 222
293 366
517 787
653 683
581 926
638 65
995 209
948 662
54 717
309 379
347 996
313 742
747 698
170 697
1 769
667 76
544 102
334 858
830 875
797 304
592 71
273 176
833 888
41 172
43 176
153 93
905 974
907 267
132 283
455 899
566 12
291 413
8 423
989 668
671 884
757 292
501 773
781 979
764 141
948 177
859 163
163 366
315 369
955 193
494 575
961 58
925 84
834 138
252 629
771 297
754 467
517 309
663 442
976 20
353 298
282 685
318 658
82 907
306 25
776 146
291 524
215 677
219 123
21 988
116 52
244 97
717 844
851 622
444 936
32 944
170 66
197 853
87 922
716 93
644 258
95 597
455 438
923 128
302 977
809 945
926 143
26 833
216 199
660 386
491 130
338 938
790 208
630 302
353 552
834 886
653 733
337 957
777 239
126 729
547 988
230 990
220 12
229 103
154 308
671 381
505 96
547 897
566 773
432 386
111 651
946 230
331 500
654 749
905 146
691 380
82 789
415 817
25 629
162 295
728 931
842 862
384 277
884 56
755 984
983 433
10 371
48 130
94 184
430 123
34 191
154 574
474 356
423 845
165 187
700 109
955 223
519 438
44 956
456 35
649 697
212 390
49 978
599 51
855 382
88 599
144 447
970 298
665 731
976 2
353 292
26 450
962 951
463 811
827 12
485 576
464 965
27 625
646 862
661 146
699 835
504 796
494 502
342 918
337 307
840 816
710 892
205 771
804 241
557 636
475 173
809 138
645 89
538 638
522 91
336 58
981 396
972 392
820 465
107 386
72 15
181 709
861 166
182 84
307 401
78 646
740 296
299 479
490 194
528 500
92 558
583 948
732 482
861 620
680 8
368 762
432 473
520 593
649 421
261 863
210 606
124 628
444 966
600 351
821 606
69 425
279 632
17 6
494 792
845 142
369 349
531 433
511 873
460 313
777 73
851 206
136 809
945 760
620 36
322 739
804 918
180 339
570 231
206 815
475 873
665 150
351 450
424 175
143 231
20 109
709 799
139 388
157 61
639 594
273 544
399 437
218 931
665 7
719 892
992 937
500 201
45 784
638 569
870 62
74 988
8 482
936 489
709 125
488 48
996 422
519 943
391 251
801 251
126 904
46 190
487 793
661 164
186 203
955 894
795 965
922 199
281 552
13 476
412 435
711 297
713 218
762 440
4 644
987 382
828 176
538 919
832 6
528 98
976 599
943 668
802 768
505 896
276 364
622 879
255 823
808 487
810 169
476 621
538 333
149 167
243 52
26 428
851 872
769 274
963 866
361 827
927 136
151 970
514 242
308 53
842 656
94 514
882 571
96 274
412 439
958 534
558 251
136 254
172 740
819 22
892 608
325 801
271 869
661 173
572 915
849 943
938 63
785 914
406 633
153 11
136 77
976 335
300 866
943 564
674 40
397 911
508 944
35 43
623 426
935 587
974 545
884 28
519 208
846 973
147 553
908 247
676 304
488 506
197 392
41 321
952 297
8 265
680 419
58 123
866 316
847 450
560 201
833 45
24 706
194 587
361 375
124 181
831 981
732 463
550 535
38 310
810 279
272 211
623 734
515 714
764 984
341 633
604 324
272 383
213 37
4 848
829 788
959 993
298 844
758 965
997 78
284 751
694 949
766 575
374 869
342 838
164 917
271 915
181 716
488 820
594 266
261 542
647 995
616 272
546 105
379 597
527 628
414 52
327 781
143 640
771 190
790 142
222 988
25 256
740 716
517 136
326 407
339 685
340 980
909 788
340 836
126 184
74 969
254 902
806 611
661 948
832 568
833 825
885 736
503 819
669 30
968 937
416 803
128 934
716 31
647 629
339 750
205 648
353 202
830 932
753 771
446 199
805 329
644 756
760 896
695 400
570 564
221 520
883 317
538 311
885 978
646 385
423 237
975 896
63 90
601 551
818 103
682 423
231 62
962 177
389 211
131 183
181 582
930 739
226 548
354 26
885 27
365 758
121 747
430 351
432 988
435 199
38 159
804 206
371 312
744 499
445 887
689 310
71 498
446 965
49 109
859 543
492 745
405 212
717 480
664 212
645 30
510 235
905 628
249 18
763 975
515 118
602 534
604 457
424 787
952 335
825 967
769 978
517 921
591 552
17 132
171 654
922 330
561 58
762 208
328 292
51 523
876 296
255 773
255 811
383 328
661 853
616 167
578 863
41 566
134 831
284 387
485 115
340 763
273 662
291 115
257 764
526 606
665 405
41 536
192 524
355 603
906 937
983 542
86 130
694 77
126 53
2 296
510 617
859 373
332 438
172 786
85 996
29 951
781 18
126 830
605 462
680 614
73 280
127 597
336 115
446 738
338 291
764 542
194 233
294 730
291 982
430 300
419 501
256 817
125 767
649 363
888 301
779 654
889 527
449 618
139 303
495 70
485 962
906 189
804 43
583 687
234 655
954 981
257 355
204 97
3 694
478 149
80 740
120 593
975 751
67 513
69 813
782 877
179 357
87 995
864 389
493 893
284 90
25 616
45 767
997 98
797 564
374 830
159 692
453 106
199 47
165 235
517 70
24 379
25 371
868 913
958 424
136 511
65 15
75 28
909 284
626 214
503 66
969 388
643 496
808 6
661 428
293 55
369 78
115 43
271 880
999 815
470 179
652 518
245 948
562 734
391 768
927 263
68 616
87 476
338 203
257 20
884 824
437 701
664 367
30 611
577 584
500 508
958 81
746 169
690 425
998 886
710 812
124 856
252 825
497 944
555 877
992 65
332 674
95 966
222 730
613 202
832 698
965 457
634 291
458 835
619 373
343 290
127 497
146 176
755 802
948 844
546 540
408 951
278 6
237 109
825 734
889 936
726 298
321 737
23 422
515 163
821 14
492 815
878 650
626 355
917 96
331 325
768 440
480 407
134 479
395 378
67 437
983 227
820 263
659 537
48 148
73 465
825 862
424 763
756 996
616 548
88 648
361 494
645 747
73 418
665 281
651 419
922 319
456 672
279 654
191 951
11 483
233 767
272 19
880 700
771 684
737 833
645 606
975 310
903 53
101 682
564 98
502 118
485 6
412 983
604 905
290 705
755 613
293 750
898 768
59 170
748 196
461 29
116 529
815 617
155 422
232 379
838 954
175 624
620 726
604 243
487 383
272 646
240 491
882 950
936 685
648 407
775 705
83 145
950 399
456 17
805 47
111 146
538 935
24 150
392 773
764 888
69 681
638 641
285 335
587 292
522 499
577 305
464 113
119 276
726 292
410 581
129 627
876 267
930 738
74 951
809 568
93 730
521 332
261 803
334 220
890 565
7 597
160 377
50 283
510 573
6 283
868 236
945 23
728 673
765 57
161 171
924 487
426 158
592 657
461 326
187 858
672 392
133 272
981 513
376 251
521 424
527 64
7 958
405 597
503 7
803 640
97 761
240 661
304 730
371 631
834 869
728 341
302 488
341 787
13 278
569 650
180 407
418 83
699 283
257 876
257 471
756 405
150 209
744 437
135 775
526 966
600 697
595 384
103 606
33 964
680 188
936 497
755 87
800 798
631 850
354 774
615 52
854 66
472 981
705 965
604 701
456 662
680 331
699 505
790 367
369 852
241 77
262 866
780 273
926 304
359 625
694 316
861 751
547 829
74 188
908 606
958 737
137 835
462 496
407 650
484 360
985 773
675 650
647 588
969 174
717 145
419 978
315 43
464 244
923 424
952 125
113 594
428 668
154 498
109 97
308 567
590 31
481 869
460 269
635 300
121 473
193 804
710 190
638 811
622 428
490 238
803 568
589 730
503 371
295 459
194 826
868 353
127 671
833 582
550 504
277 787
855 62
587 459
861 744
691 493
491 489
133 984
795 333
137 586
320 166
599 53
286 927
204 298
151 144
221 762
819 330
661 446
118 441
10 542
375 991
258 501
395 200
714 656
308 984
326 992
183 674
310 814
385 389
26 702
724 860
766 537
892 716
641 862
472 319
454 814
977 360
590 145
412 63
829 274
277 85
632 330
868 360
959 484
778 624
227 317
963 564
194 317
335 523
164 986
754 371
727 289
849 876
879 773
638 879
86 574
602 888
213 455
605 471
384 633
719 976
539 274
315 57
275 258
889 140
891 240
988 61
530 797
451 425
144 890
306 809
515 797
4 628
849 526
63 540
192 22
464 779
410 398
586 752
720 765
516 718
993 356
403 856
833 613
406 9
809 27
943 850
446 798
68 53
235 658
649 78
843 524
623 527
166 196
41 928
741 863
778 433
48 606
855 374
325 523
713 860
960 511
719 168
39 991
795 606
479 217
112 222
100 130
232 752
458 582
51 779
910 317
30 176
653 37
892 184
312 349
865 473
848 196
351 19
25 952
688 200
509 402
891 685
359 516
395 87
290 300
717 83
356 320
442 493
775 936
830 536
797 912
82 586
671 540
341 847
675 108
255 324
370 578
277 866
479 358
940 563
868 80
231 524
596 888
231 106
744 982
843 658
318 708
239 944
421 990
291 609
470 756
782 339
582 520
261 103
456 554
381 672
2 951
113 656
921 544
918 562
318 965
3 903
466 383
891 127
647 969
864 201
604 664
54 963
506 575
538 475
257 940
223 347
827 508
321 974
731 119
50 209
565 827
988 399
309 319
274 316
810 154
41 588
825 526
460 535
854 766
7 72
652 246
378 463
657 773
28 288
992 391
325 490
451 953
551 90
185 703
257 858
20 296
645 364
667 428
278 944
797 917
649 879
584 40
866 344
380 113
466 634
404 782
332 483
522 226
117 398
871 277
941 856
728 949
323 173
930 159
252 714
550 298
861 458
484 344
115 613
757 222
449 570
620 516
811 85
449 796
661 842
828 380
80 200
737 617
112 401
314 432
703 584
616 332
778 999
46 537
602 182
241 852
471 20
808 382
510 81
791 879
558 590
741 406
462 148
155 201
772 617
484 734
35 433
295 206
214 594
659 607
453 319
92 401
521 911
701 422
538 544
116 31
728 18
636 629
332 5
107 97
825 513
764 569
943 289
658 650
131 563
851 648
673 693
746 5
943 685
892 401
503 831
87 330
641 407
388 949
808 43
257 827
73 14
828 54
824 928
207 897
995 904
528 981
85 357
451 934
506 266
285 686
670 426
76 40
663 915
481 387
462 159
924 862
262 605
799 228
414 907
640 269
568 858
959 341
772 282
494 97
78 352
334 469
254 468
687 36
259 103
158 730
415 993
802 100
16 423
792 66
476 708
795 467
757 629
922 919
596 226
580 687
728 357
872 643
781 112
54 530
988 526
493 104
147 717
538 167
646 204
334 841
25 835
595 660
172 246
10 233
393 743
596 829
840 387
580 276
968 109
340 832
627 176
789 897
302 38
80 759
119 532
482 736
302 737
953 238
802 12
380 571
125 233
318 344
437 103
666 761
630 62
461 790
27 897
658 480
941 634
470 209
591 201
673 689
442 863
352 297
188 545
563 301
854 331
190 47
305 944
417 734
290 241
905 737
909 328
833 107
109 18
80 10
79 66
794 890
763 178
818 176
16 188
235 320
805 441
865 979
672 23
116 453
299 242
293 259
464 845
657 114
70 247
990 142
124 690
300 874
846 196
493 115
831 191
85 995
375 355
88 803
80 838
364 555
878 270
122 589
800 793
347 706
538 262
135 49
790 658
180 772
946 35
255 274
583 595
452 857
700 22
713 921
885 30
353 933
150 937
778 923
1000 434
185 485
86 476
675 586
183 626
572 984
865 66
386 784
629 951
165 936
617 545
890 385
899 47
287 659
8 981
488 619
198 576
487 818
502 523
638 227
294 568
61 856
759 97
173 457
838 624
983 50
16 396
161 674
54 628
293 618
862 512
424 300
958 707
791 931
743 376
682 440
620 312
840 254
380 815
574 554
704 433
515 115
592 980
421 540
775 701
526 793
961 575
998 740
195 130
503 215
287 103
806 400
719 193
221 841
241 11
640 660
206 774
388 896
299 695
796 751
546 163
530 860
713 31
306 607
295 832
308 964
165 258
755 235
232 39
404 816
168 985
776 270
463 557
82 643
136 608
30 483
639 211
209 567
353 134
509 576
912 562
76 357
930 150
677 62
8 840
78 495
777 273
889 116
281 655
998 251
33 832
521 54
490 540
235 166
550 14
551 291
147 745
792 317
556 814
777 532
805 265
354 63
743 571
981 130
40 266
549 281
680 200
554 283
314 970
336 910
338 926
961 894
230 549
28 798
268 450
343 325
883 829
946 875
245 40
876 238
851 633
260 894
307 611
515 423
129 96
506 722
285 411
4 30
777 652
673 150
395 651
527 601
804 549
397 505
331 916
164 198
294 190
557 177
260 823
724 428
357 773
726 838
855 460
285 857
362 22
179 628
720 908
989 518
782 27
740 614
688 63
530 16
778 775
285 415
822 816
786 177
32 660
115 684
295 106
24 843
464 522
265 551
747 209
514 400
515 428
220 446
153 709
480 856
100 17
671 730
569 571
72 125
290 44
790 98
558 439
703 640
795 163
977 708
137 679
410 312
502 249
987 526
931 269
92 637
371 916
275 228
41 169
557 646
383 708
869 692
544 208
746 372
927 386
802 34
179 320
507 863
653 968
56 501
667 281
42 802
645 905
81 319
889 84
688 152
763 437
449 218
385 459
218 962
696 31
832 575
796 96
541 878
690 104
709 284
323 593
838 751
487 617
143 12
124 684
942 772
101 556
616 832
375 462
547 350
753 304
714 501
657 304
398 943
277 611
781 825
976 430
617 518
32 806
49 655
430 508
638 386
733 531
824 301
205 772
717 235
778 50
797 502
75 529
808 518
169 518
73 566
347 681
908 609
961 784
484 416
179 103
363 258
397 259
290 747
805 855
735 122
574 188
908 868
635 779
209 844
620 426
86 65
381 336
139 138
777 897
997 38
67 468
347 138
507 877
273 312
661 682
369 313
478 499
795 479
815 814
216 36
449 353
600 991
605 881
54 919
661 352
1 208
691 501
480 877
119 695
384 802
728 921
775 652
838 729
569 590
473 847
912 858
238 148
256 995
42 566
124 3
389 585
502 194
517 256
566 109
370 37
490 71
492 666
327 422
682 614
972 89
517 333
458 929
872 264
687 424
748 944
927 948
861 18
145 945
940 933
901 514
774 915
630 499
404 279
171 689
724 502
634 545
99 799
564 34
229 715
326 373
753 991
733 662
475 199
403 89
195 951
617 862
28 231
840 933
168 141
788 422
186 712
876 759
903 269
184 413
519 980
521 724
477 211
150 251
218 3
890 925
180 855
213 483
430 859
713 443
698 36
107 933
24 75
898 418
494 625
851 203
100 875
501 19
564 589
766 513
325 983
17 774
822 141
271 372
55 427
149 947
937 783
918 377
399 815
778 632
854 274
29 418
687 122
710 653
785 730
451 447
164 84
789 685
900 43
204 904
691 648
152 787
834 307
946 345
982 182
409 898
539 762
419 437
368 915
405 874
891 863
263 380
709 385
359 381
804 734
647 655
806 553
325 579
368 626
630 535
994 60
542 244
744 587
687 488
927 111
757 296
768 81
365 377
955 1000
850 104
119 749
890 307
391 774
116 390
710 855
412 914
126 865
24 848
571 980
236 686
643 118
827 440
367 483
451 529
903 440
378 453
420 316
508 155
475 66
438 330
848 45
200 625
210 493
853 570
675 995
179 317
586 199
491 905
223 954
278 809
38 130
738 954
908 875
231 843
859 674
859 105
718 694
486 390
974 145
420 964
353 22
596 214
923 366
120 188
709 774
156 631
795 517
802 459
841 297
380 163
744 246
668 269
572 756
539 772
722 626
875 6
566 259
469 857
473 496
733 935
938 170
706 968
243 167
830 809
335 341
523 508
284 40
123 679
235 929
677 90
187 982
327 394
440 289
666 816
349 356
204 668
171 524
29 428
779 333
654 330
926 686
87 945
327 27
311 694
21 2
276 683
147 27
235 990
580 698
65 40
429 711
393 62
28 974
472 993
321 340
363 879
436 433
590 936
848 396
117 825
80 619
334 234
334 346
853 32
963 877
858 951
964 911
930 382
700 226
738 301
404 476
631 288
541 387
363 448
451 817
639 416
531 555
75 490
682 158
556 481
424 674
521 20
558 115
10 880
367 579
999 856
908 422
790 566
804 909
306 528
199 656
989 269
811 636
829 899
976 185
416 629
876 313
488 57
905 729
449 788
848 309
322 893
732 158
733 349
788 355
286 764
940 329
884 148
485 953
482 202
299 819
581 852
766 842
32 773
494 364
651 77
87 865
383 158
829 613
741 414
651 106
225 413
819 102
675 301
969 866
677 76
175 310
429 902
940 504
724 425
121 693
1000 817
268 618
124 487
854 871
381 305
860 792
859 528
740 947
338 303
375 214
271 895
610 301
306 337
696 132
42 968
1 389
989 439
38 471
848 122
24 407
780 373
114 655
922 496
500 47
581 258
13 139
340 845
281 650
821 532
569 543
444 666
898 617
72 502
645 785
239 685
631 893
483 980
347 634
227 830
621 508
596 619
642 225
440 310
224 483
99 181
117 557
742 15
119 857
502 564
449 696
361 590
499 783
550 139
398 537
202 627
187 915
811 246
133 910
722 784
597 228
156 980
46 15
891 907
835 902
488 796
359 124
659 330
491 844
63 366
475 54
612 694
443 780
477 145
557 76
250 990
832 629
483 214
528 964
764 859
912 990
164 506
162 52
83 19
40 681
718 97
331 289
703 376
703 759
461 200
318 798
389 822
694 366
137 376
676 96
87 996
307 152
591 551
771 844
521 929
59 533
480 377
872 320
46 167
410 508
985 625
504 266
70 89
823 96
494 110
799 760
354 526
171 76
968 695
180 263
981 14
671 395
415 423
550 678
853 130
591 672
135 686
230 877
337 34
906 280
998 345
546 310
602 708
30 869
605 547
289 266
219 607
842 701
584 500
331 294
80 145
649 909
210 894
924 273
429 973
285 435
854 502
969 227
680 789
885 740
293 467
791 564
370 61
868 345
924 622
942 373
948 60
321 10
908 330
221 251
841 358
254 269
716 149
845 44
810 840
526 633
627 915
379 972
252 424
786 103
127 347
491 826
437 40
477 227
172 289
353 608
409 67
483 196
452 543
160 342
680 194
717 312
738 480
537 784
725 328
500 608
581 142
92 626
305 760
639 333
42 912
989 249
240 787
134 468
426 681
336 108
913 150
379 667
529 636
179 413
418 414
129 110
42 985
936 932
277 887
643 839
427 212
74 899
936 196
956 850
811 106
912 376
334 287
92 971
156 189
363 908
621 772
285 863
729 966
215 87
414 637
471 457
33 187
710 66
757 874
204 606
116 467
753 533
962 975
248 75
638 376
487 803
220 18
333 964
544 984
136 597
116 979
874 18
516 178
999 12
720 249
21 748
615 537
812 297
278 576
725 435
504 553
232 494
572 620
179 166
248 238
134 597
789 385
516 772
847 576
245 329
526 47
729 532
860 714
200 283
256 578
21 275
218 79
776 739
853 727
466 699
488 136
353 39
988 150
972 760
885 774
22 201
224 435
7 945
581 604
550 593
384 215
810 26
643 47
362 258
256 864
973 557
171 798
371 61
193 411
260 614
961 912
287 489
32 274
251 902
875 637
162 567
930 736
63 301
195 366
802 682
538 138
460 138
465 81
393 199
363 752
430 753
804 700
325 426
670 89
256 601
643 71
791 349
639 935
615 626
410 424
547 297
324 214
380 27
829 17
661 679
833 111
456 622
429 813
240 907
262 292
248 275
449 803
104 386
583 794
72 958
72 22
861 863
164 49
735 239
94 253
75 601
92 142
477 158
631 629
279 320
792 692
780 816
529 173
13 276
197 55
254 440
185 419
55 979
423 653
133 101
395 263
528 542
713 467
88 752
547 555
72 831
570 636
401 738
647 714
475 298
263 225
464 792
35 858
231 809
926 152
129 473
665 191
314 87
605 722
507 761
433 184
821 511
225 562
14 656
221 57
563 181
478 71
650 201
579 37
775 653
379 91
179 102
41 501
323 67
755 557
183 22
757 212
791 226
794 2
243 568
9 413
153 398
854 527
930 869
875 270
555 390
203 301
494 796
131 657
834 28
49 438
691 701
151 600
286 265
549 114
144 354
73 348
415 939
256 145
487 138
920 621
387 902
262 278
318 499
466 296
193 608
451 644
913 292
180 678
807 704
77 269
115 102
153 786
395 161
157 405
431 874
431 673
764 61
897 70
223 506
83 47
846 99
584 749
960 899
117 263
561 813
338 395
732 111
986 366
487 288
182 36
257 237
764 28
332 812
828 937
650 588
28 399
241 227
88 877
414 760
24 973
644 244
755 212
993 715
868 333
461 353
135 21
673 217
195 397
746 767
560 212
436 478
955 647
408 995
522 46
687 807
124 483
861 985
357 22
990 303
602 269
819 769
546 280
420 701
510 460
917 148
762 159
810 651
942 798
861 825
197 27
788 618
608 171
38 514
41 607
80 345
185 846
318 274
687 432
727 615
88 884
909 982
253 689
507 890
125 679
808 621
848 79
536 39
632 798
314 567
528 573
657 23
120 762
888 751
998 62
901 582
728 558
638 17
124 52
474 817
128 297
603 269
723 26
80 50
775 393
262 740
192 1000
433 617
507 199
424 28
591 313
170 949
664 706
117 990
21 918
281 64
806 866
448 991
675 281
215 6
583 745
860 345
225 624
44 593
517 227
186 207
612 39
221 17
727 593
523 606
407 625
983 982
468 212
288 562
731 838
491 221
737 773
882 861
294 482
830 542
299 440
598 97
185 391
985 681
177 932
128 58
846 411
456 259
236 884
576 52
868 517
261 433
544 632
669 714
394 18
286 587
69 89
289 915
537 852
969 222
387 708
465 740
959 641
854 579
370 941
146 457
605 40
409 60
368 958
75 770
424 864
900 910
207 714
725 990
546 566
893 877
69 814
645 33
487 875
418 490
735 895
261 228
338 70
48 772
802 456
474 771
273 97
971 22
590 934
183 276
901 404
977 355
334 303
859 241
688 303
335 585
546 879
443 59
712 603
778 642
179 574
882 407
662 482
315 78
560 164
941 345
601 422
728 32
838 341
587 893
491 55
92 404
147 300
735 983
367 201
959 437
321 481
820 962
840 697
507 692
55 636
810 589
168 896
542 957
1000 670
89 576
765 898
969 593
897 333
233 190
221 111
22 575
260 701
728 893
378 468
479 43
127 843
968 97
799 934
2 342
13 165
99 402
335 349
816 53
314 425
376 762
488 198
415 862
433 745
347 576
920 115
795 980
941 433
563 432
194 91
901 929
421 799
231 888
550 291
329 189
193 19
496 730
95 450
61 931
397 633
800 37
462 617
380 536
143 350
801 468
213 531
987 672
768 214
682 433
650 40
591 724
775 603
667 981
439 609
29 203
322 544
359 222
586 571
770 524
517 763
717 862
919 742
920 640
150 159
813 437
248 628
542 283
287 460
598 793
395 593
412 721
324 339
443 543
8 752
553 53
57 440
992 184
223 548
406 435
135 531
797 567
100 495
620 11
922 768
976 524
293 637
242 650
849 498
903 526
940 276
120 210
356 211
800 505
109 826
124 87
404 744
226 93
456 244
955 488
434 534
261 405
135 508
92 529
755 261
378 915
969 556
642 391
920 166
755 877
538 212
810 849
892 706
151 526
485 216
216 356
586 303
894 380
144 686
395 423
664 610
42 368
331 440
703 194
189 708
886 426
811 258
836 683
436 966
