924 858
25 256 -532
667 665 933
667 747 -519
763 381 368
569 871 197
703 358 591
470 482 243
763 481 -20
181 576 -124
543 862 -909
183 236 56
44 570 -723
324 257 -551
467 580 -928
522 5 841
633 791 250
823 128 155
182 671 93
637 721 -196
234 838 466
68 503 562
891 284 -333
517 807 -235
918 13 -274
142 74 604
295 650 384
47 602 275
496 617 -565
779 901 -695
337 905 670
770 309 -129
190 25 -110
272 894 426
305 708 -726
527 187 493
372 172 464
411 258 20
760 499 1000
196 244 910
284 520 488
677 609 -484
919 503 -871
364 823 659
147 425 -472
882 734 658
843 163 -173
211 656 901
107 411 205
870 341 -908
94 551 933
57 804 -784
739 897 -870
100 56 -519
82 2 616
494 35 248
854 839 -655
651 911 -41
113 776 -828
20 78 407
834 86 262
493 85 -360
912 80 -710
222 403 141
444 451 -491
495 249 521
464 131 902
794 647 -324
346 502 -426
428 535 796
763 598 -403
246 130 -358
829 246 499
619 100 542
161 760 917
89 783 647
421 217 -978
404 522 -923
851 446 161
765 273 176
319 740 180
317 747 598
71 881 -821
68 327 372
704 272 -305
451 7 296
907 445 452
539 571 655
623 374 30
131 37 -176
439 465 -839
860 286 601
871 565 239
357 274 800
709 152 373
173 154 723
684 331 810
226 13 -732
446 554 522
561 536 918
403 430 -221
190 296 -470
296 297 895
488 540 -43
739 653 833
136 569 512
489 382 659
508 296 149
168 179 198
733 202 31
127 255 -352
833 658 -259
223 741 988
257 554 -342
887 776 -85
402 412 -11
213 850 73
657 461 261
719 94 260
775 799 372
658 793 793
664 501 145
99 263 551
75 108 131
836 789 -251
324 749 459
229 9 965
708 292 265
191 26 -258
188 721 -866
732 795 -753
495 222 -408
835 111 -678
795 613 -587
532 264 999
207 635 652
616 249 410
569 747 912
43 554 924
566 507 876
773 360 813
16 919 580
136 491 923
542 191 195
97 428 -224
70 909 200
772 395 -53
807 670 110
666 637 441
389 476 -709
702 766 -90
16 8 491
152 887 620
119 283 571
584 315 -330
117 723 -502
573 230 910
760 276 -658
143 311 426
22 272 960
10 817 -991
502 337 139
322 371 977
10 113 -630
388 640 992
221 44 -536
218 697 -221
776 919 -63
423 756 -170
497 113 -347
918 825 -751
297 762 -750
641 822 931
917 363 -730
600 861 -189
254 358 -195
499 597 576
463 765 701
166 635 15
123 116 -680
185 896 214
190 895 -473
515 361 -715
893 677 176
574 899 887
250 489 123
631 423 -918
382 545 968
159 195 -936
556 313 -804
565 484 -378
657 800 -799
822 471 818
315 339 -891
138 560 -246
168 130 721
361 126 -665
19 567 928
838 844 -10
723 604 902
420 773 408
764 320 462
768 661 366
111 712 -685
585 793 739
302 165 976
684 886 -899
7 894 -503
565 863 24
236 490 -736
476 502 -518
502 608 722
539 444 -785
389 799 949
209 312 -436
470 146 -718
482 95 15
447 229 -786
766 796 290
820 643 774
238 95 -73
711 96 715
169 83 -511
228 616 -968
54 317 -546
671 874 -269
549 875 768
174 156 317
270 630 754
476 637 959
104 814 91
54 686 -713
279 79 337
650 878 560
872 826 -393
36 613 421
923 112 -286
459 589 -85
673 472 -835
357 479 533
160 648 594
141 418 755
692 29 149
473 618 -304
179 389 -315
1 675 -898
25 418 455
145 580 448
821 476 -745
578 772 574
326 819 897
591 15 894
267 819 -537
217 497 596
324 500 653
201 591 -81
463 335 -894
693 648 151
688 652 579
540 884 -926
507 549 -950
796 46 -101
636 518 791
26 49 841
728 316 -842
92 59 -138
547 87 -700
548 724 25
198 817 858
768 337 63
837 13 231
633 516 -804
728 644 -580
750 625 -646
431 683 -892
718 281 351
768 108 440
757 907 178
845 311 767
687 834 667
209 363 443
763 452 711
613 77 529
194 56 -648
338 256 -423
733 675 784
765 871 373
357 852 -889
875 75 -476
40 391 -961
822 445 567
21 684 434
227 248 -665
47 846 -308
457 163 -270
791 128 952
667 805 1000
905 860 -489
704 912 544
673 427 321
636 547 -446
283 308 950
919 565 478
253 321 -345
606 923 583
757 873 -18
317 177 36
518 312 -239
849 437 435
362 739 897
376 816 -244
486 51 -238
736 513 -553
68 904 96
606 224 -957
271 197 150
311 166 925
470 708 769
414 824 533
392 162 -350
616 461 150
197 453 -567
13 158 15
413 94 -750
109 909 267
901 164 -829
250 553 -794
281 792 581
773 402 146
609 367 103
33 554 891
138 668 -864
100 455 -475
901 747 789
46 223 -177
324 672 882
698 165 401
844 258 987
496 371 382
632 452 986
728 188 174
509 290 224
312 50 594
442 494 -90
849 1 296
578 801 -102
217 74 -828
133 124 -157
131 792 -568
270 56 949
484 60 -133
339 903 -404
257 499 -675
804 264 739
352 140 620
208 159 -613
249 329 66
572 529 894
398 791 557
453 520 713
573 676 -546
804 859 -723
803 550 960
249 108 138
585 743 -312
357 258 -565
81 203 353
284 379 10
480 685 312
13 655 316
679 778 -228
639 789 644
600 558 -864
840 460 377
810 476 -696
225 791 394
820 125 -464
269 853 -522
869 179 -330
402 377 -209
739 891 297
911 174 285
638 516 571
338 786 -598
119 200 718
610 365 321
84 25 -68
195 467 42
389 795 -471
702 562 -977
725 440 850
118 540 118
583 790 123
680 214 -691
682 174 316
659 44 -358
311 709 -107
79 628 -551
376 675 780
724 146 80
233 651 -892
122 508 -274
304 508 108
178 393 493
670 820 -164
851 295 521
150 31 -775
618 764 472
806 191 827
307 161 -869
172 767 953
512 591 847
431 723 -107
519 415 525
87 331 -423
702 644 70
638 139 -526
3 598 -2
386 281 374
552 853 271
823 176 -215
139 899 692
7 258 -913
858 201 109
26 603 81
269 289 -583
317 879 392
568 585 980
817 206 263
22 774 -406
752 368 -25
222 695 -823
169 831 -215
232 517 62
737 789 -819
446 91 431
894 78 -859
462 563 668
462 431 719
374 59 440
655 771 -962
656 795 -908
623 730 358
887 60 -748
377 801 -652
36 828 551
762 675 843
871 8 154
470 809 195
7 252 619
680 591 -263
567 551 -548
634 514 79
630 31 919
878 521 411
648 306 382
808 900 869
839 756 -859
370 457 498
460 219 -291
842 66 -863
694 398 -765
118 388 -965
438 340 946
438 22 381
49 28 -46
41 427 -68
505 473 -887
461 680 -175
508 701 -111
744 922 696
143 714 -79
452 604 -240
884 855 119
567 294 160
571 805 -534
678 924 189
372 699 273
898 234 -248
360 746 -619
636 850 -867
594 15 283
842 308 439
478 129 -481
604 442 -815
396 43 932
630 846 906
787 513 543
806 649 -365
438 562 -86
281 533 -323
333 299 42
17 299 -417
89 80 309
507 11 -129
780 672 -481
828 388 -540
700 26 -419
700 430 -546
139 251 -52
759 619 993
133 166 994
207 727 -712
922 346 -901
814 78 897
770 297 -608
231 229 99
347 876 -90
226 347 83
86 834 850
7 856 -331
252 668 -999
560 306 356
404 807 752
49 336 -829
646 372 -467
473 304 -242
82 627 -314
119 911 313
459 631 34
629 323 -397
615 147 -694
158 369 151
482 640 -914
401 203 -514
311 89 389
122 778 784
910 634 343
32 22 426
211 807 -630
209 692 -184
423 304 242
660 886 648
241 500 -702
37 203 481
915 58 -590
392 120 -541
384 867 -317
450 430 -545
659 900 -613
606 826 -347
705 885 795
741 228 -107
873 866 -934
287 612 695
706 16 -253
830 450 314
120 643 718
490 267 -3
29 615 -291
329 522 600
724 583 669
876 526 -100
521 238 -875
287 915 -566
593 236 -560
404 545 281
891 18 -335
180 239 -88
436 237 991
913 346 3
776 571 -924
745 490 -496
503 489 -328
207 273 -367
787 701 -139
4 454 -307
563 141 -639
276 535 317
185 886 -380
47 847 610
471 71 281
340 496 244
421 448 520
306 754 -913
850 611 -829
181 594 157
126 362 19
567 346 -303
821 789 -776
171 204 -67
784 685 -24
54 177 571
894 118 -180
83 213 757
175 231 -150
865 584 -115
438 646 625
713 841 -697
909 464 95
423 382 -598
310 225 -857
324 267 -731
794 121 -215
776 665 27
204 809 -770
210 533 -213
544 646 917
595 7 248
554 823 -115
415 392 133
39 828 -907
66 333 366
725 32 878
64 557 -596
763 193 -79
616 635 903
291 200 405
56 119 -188
96 510 -890
30 515 -514
769 530 -521
216 259 351
543 214 -832
580 439 -229
230 215 -868
293 626 -909
292 549 -562
638 862 391
594 401 -651
255 336 -180
853 395 -108
514 675 588
129 466 -803
615 867 939
796 23 732
318 621 739
175 890 -139
860 742 -50
107 605 -810
128 562 309
574 509 -72
91 580 -903
120 561 -450
580 214 -376
300 354 -425
434 167 375
311 511 631
536 70 -676
476 402 -550
651 709 28
242 396 78
666 364 833
113 47 -248
144 728 -19
738 870 -434
390 146 -208
792 592 83
641 850 -220
639 477 -588
339 579 224
391 228 567
307 169 321
273 152 -513
615 394 -163
374 286 607
720 684 -435
706 318 -30
745 429 -442
885 52 957
116 747 948
94 4 -791
488 635 416
776 500 -770
327 377 712
901 390 -343
428 848 689
879 290 -315
290 223 -575
390 249 125
673 634 886
184 669 -562
693 577 12
122 294 -641
171 40 62
761 281 924
132 390 808
299 401 781
597 372 68
747 211 -373
418 810 -198
356 176 847
677 143 436
826 557 -805
220 576 -108
593 400 -921
681 767 336
244 118 -431
136 49 -209
122 502 499
910 667 -245
691 221 -838
427 700 623
664 523 520
395 36 -795
302 364 -54
230 558 934
144 322 -75
825 525 -701
707 214 771
372 386 178
863 629 -812
360 257 -311
72 683 842
649 844 569
564 658 715
286 756 550
768 28 -394
650 476 566
686 442 -678
727 674 341
430 386 -139
221 712 433
830 924 -88
302 402 142
503 481 819
87 252 182
530 730 -265
92 671 -295
742 44 -628
499 21 -57
411 390 -155
578 703 487
597 325 -881
399 836 197
597 517 -686
290 291 -79
748 604 -469
874 826 361
867 716 -126
623 132 844
751 688 887
104 651 631
721 809 -28
233 678 -538
910 906 -345
818 891 170
33 134 201
827 249 -909
647 204 259
335 464 59
250 571 862
2 567 136
210 278 768
669 282 -411
410 405 -307
793 545 -809
190 740 -57
741 29 233
487 793 892
679 427 -581
444 249 -559
232 578 -294
831 435 -188
221 214 727
720 525 -577
325 814 171
104 385 969
86 866 32
463 94 111
295 571 -332
313 342 -565
195 406 619
490 747 617
442 814 231
650 654 -72
613 582 -348
867 117 -109
645 698 -421
221 52 484
503 136 136
525 691 -396
470 233 993
433 600 -935
738 387 -692
585 753 -593
383 599 50
785 105 -347
156 729 383
427 174 -463
699 536 65
804 197 865
8 619 -27
794 48 -349
146 229 -925
158 809 -490
146 255 188
399 142 869
250 662 644
898 43 -878
269 76 -574
496 86 986
863 492 -659
203 633 -649
60 442 -29
794 907 -706
517 391 -880
482 394 845
382 177 391
696 847 -3
866 562 -221
377 862 -244
914 86 851
568 211 -546
7 232 -489
868 627 -327
198 682 482
342 809 -688
730 463 961
585 336 -436
134 419 -583
35 427 513
920 30 489
501 518 -848
711 327 295
587 708 -497
824 754 -707
127 870 764
882 850 -224
404 720 -379
745 259 -44
347 720 634
155 293 -169
165 365 -955
616 408 -252
853 856 184
410 121 451
158 372 -399
866 532 251
485 612 -373
256 689 703
203 860 456
769 230 -714
727 344 -382
900 563 715
651 117 783
114 882 624
437 328 861
624 566 404
352 294 179
427 624 -666
48 761 -792
718 560 135
617 441 -32
644 786 5
517 641 418
593 835 121
379 802 -839
249 275 421
618 484 560
140 843 -786
13 443 741
485 696 -503
794 544 230
578 311 489
50 292 994
448 860 -955
595 74 270
531 631 -658
