979 1879
583 142
538 317
441 979
512 709
911 873
272 526
331 229
402 926
463 886
274 890
45 704
705 364
85 540
928 24
175 703
859 77
678 515
644 793
671 736
449 289
124 696
931 130
608 442
669 117
922 524
86 935
197 739
704 194
345 607
326 545
337 376
228 172
894 761
491 755
972 232
369 498
717 255
859 243
570 703
638 589
396 328
807 960
422 38
658 552
854 739
545 725
748 436
1 631
900 68
902 352
304 891
399 819
846 61
315 890
535 866
239 92
390 792
375 876
233 280
656 536
749 832
420 7
738 6
408 188
708 271
876 248
74 757
845 914
313 180
770 627
127 610
437 160
555 517
511 292
774 732
27 653
822 610
82 529
750 21
770 47
907 273
324 232
877 110
205 230
960 11
407 341
836 835
433 762
936 36
819 186
693 631
72 938
491 477
111 966
973 370
353 284
706 175
952 83
928 870
27 972
744 618
545 527
415 365
307 364
572 288
267 788
194 743
530 324
816 731
28 148
143 14
972 355
114 889
328 863
310 851
188 65
154 337
615 508
108 854
346 111
538 609
151 444
764 310
768 689
75 590
707 507
431 667
435 147
237 152
676 826
38 843
884 799
232 339
530 499
400 153
323 965
689 741
493 940
176 409
692 18
73 153
557 461
582 928
341 977
862 298
829 504
816 462
43 722
294 43
268 415
20 924
667 598
691 233
798 574
382 297
826 310
974 632
431 681
235 815
954 492
232 321
792 845
423 906
694 88
831 242
684 160
23 156
430 567
651 809
431 124
897 38
225 958
432 358
822 120
735 83
850 626
390 89
464 289
979 591
549 923
233 120
34 186
680 559
243 648
283 633
346 869
865 614
609 809
442 202
872 165
47 58
840 332
142 32
221 484
902 229
295 220
614 786
251 35
110 646
474 415
37 249
652 893
727 184
175 367
824 62
122 169
409 25
144 955
535 641
796 536
527 374
733 499
344 5
372 78
373 606
321 179
429 434
663 345
889 491
301 579
71 786
850 668
653 500
586 937
92 149
578 255
797 84
949 393
611 267
705 701
890 44
84 219
374 958
806 603
1 221
511 181
901 381
795 861
529 220
896 302
201 99
840 390
292 320
866 742
575 519
279 497
339 346
343 674
217 391
162 399
437 735
7 854
925 314
302 8
40 23
61 948
392 757
568 525
651 720
105 27
749 376
911 665
425 343
173 7
118 164
256 162
958 897
660 11
239 557
747 605
859 935
75 315
336 915
451 815
677 101
181 192
184 710
25 620
156 797
453 417
826 262
681 582
739 571
650 834
26 623
943 791
88 273
950 122
313 336
544 95
529 848
589 800
834 63
673 507
240 789
771 118
535 497
902 170
975 864
20 900
101 376
819 354
178 422
644 501
756 625
170 713
776 932
742 516
323 524
529 841
464 42
270 408
239 134
477 66
647 159
153 367
706 495
654 119
692 174
714 930
697 29
795 175
614 33
238 878
129 714
597 429
284 18
19 36
487 540
163 186
587 114
389 127
921 717
136 956
712 485
39 911
687 564
906 397
448 184
85 130
804 880
470 147
436 348
644 854
974 757
243 279
282 51
138 284
710 676
911 813
760 432
686 774
672 742
86 391
602 116
315 823
90 771
789 258
846 134
902 953
933 467
859 508
825 316
793 112
259 249
79 792
47 660
449 208
881 359
35 779
383 973
814 212
29 26
274 163
865 601
882 537
39 481
100 324
91 197
11 822
16 322
639 411
736 746
714 370
575 384
760 4
60 929
491 889
873 783
656 350
878 120
831 824
529 814
147 969
555 68
842 501
912 380
548 570
610 899
664 390
44 518
775 402
67 498
782 15
845 831
156 222
74 598
357 938
641 80
625 702
865 452
490 549
371 194
355 486
581 91
712 774
894 18
821 717
128 444
540 363
108 408
521 881
21 561
910 861
447 593
499 587
481 468
210 384
410 405
447 125
303 216
182 588
132 475
392 360
287 259
626 766
404 557
794 795
462 464
907 69
140 620
531 868
685 381
522 929
634 359
156 684
12 233
377 248
275 937
478 323
229 632
471 524
749 775
773 897
540 908
889 186
344 415
395 302
427 522
9 123
27 628
794 414
200 750
873 517
820 4
842 895
354 279
706 447
600 533
670 514
156 585
451 619
432 535
159 716
419 476
227 273
211 606
9 124
142 591
261 323
543 317
287 361
13 645
262 823
395 463
514 302
496 102
775 32
151 351
568 442
955 356
79 233
724 325
10 544
37 691
290 572
548 509
643 738
219 417
112 165
323 63
595 7
708 808
524 57
121 89
927 923
270 442
540 556
900 975
580 683
181 918
96 754
888 292
12 587
655 361
662 819
378 768
911 414
518 212
919 622
614 216
691 768
211 279
236 168
558 645
745 725
174 504
947 910
363 736
823 576
206 578
35 236
110 357
664 764
955 370
812 25
704 690
248 388
512 944
806 763
673 739
825 979
941 402
232 807
123 200
953 119
407 732
702 592
6 534
116 901
445 335
951 581
274 569
273 123
714 945
130 734
20 289
226 714
776 617
523 833
86 491
811 816
169 397
278 866
914 337
56 484
525 372
598 938
767 490
952 361
277 480
297 482
781 826
786 93
444 947
37 480
885 551
717 889
964 662
774 944
9 320
105 303
228 392
43 97
173 765
156 973
43 276
196 180
71 226
116 438
906 304
824 612
643 703
242 338
484 94
272 641
397 268
377 237
659 259
140 687
74 762
574 658
47 926
346 957
225 581
321 828
630 249
668 676
948 939
757 703
281 757
637 250
22 525
114 738
885 385
286 918
606 912
187 575
916 598
363 587
680 161
664 155
900 337
689 376
874 251
912 271
662 703
519 297
108 940
434 148
399 785
39 480
774 264
82 901
510 159
241 44
262 528
913 979
960 77
757 311
280 282
814 806
380 155
862 409
149 141
266 171
651 926
929 599
397 590
970 301
383 240
574 171
852 841
152 626
307 731
289 431
118 587
773 474
756 646
132 35
370 227
374 703
712 292
950 738
8 683
230 478
439 277
61 101
134 101
198 936
513 108
161 951
399 660
539 134
479 108
357 826
16 723
3 536
78 874
870 551
65 89
230 326
823 503
218 930
628 605
895 484
46 84
698 527
163 815
790 546
849 188
7 424
941 832
714 171
324 838
953 223
934 11
666 195
243 507
544 524
451 636
512 42
930 249
331 179
151 307
282 398
897 206
380 191
134 936
259 76
480 559
651 968
156 732
783 609
893 702
816 211
523 729
265 230
288 699
883 221
169 21
649 328
357 14
105 971
588 784
40 774
884 836
575 95
748 513
329 436
55 712
663 151
629 168
468 444
138 148
802 111
786 552
114 23
145 735
146 231
955 241
939 558
942 643
460 619
32 695
289 354
952 414
903 315
15 779
881 534
242 968
821 442
399 212
420 79
496 733
460 888
706 608
166 229
120 904
266 113
213 854
822 529
457 284
438 238
687 519
88 224
968 250
442 804
827 250
574 634
207 281
597 374
377 198
503 343
12 70
566 563
181 591
862 528
294 269
78 35
206 713
651 844
624 779
240 333
941 304
407 713
174 172
88 515
390 290
286 127
324 899
536 811
738 315
187 35
979 63
686 945
174 287
621 941
257 622
114 378
857 834
121 97
47 329
160 969
897 574
661 307
2 775
597 795
428 237
552 116
427 943
13 331
626 54
885 764
542 738
870 223
411 774
581 723
956 826
46 348
915 848
806 28
155 583
453 567
364 457
593 431
855 875
897 132
681 215
348 117
814 910
66 88
17 817
418 471
183 165
778 16
72 254
932 332
37 672
867 7
747 664
178 864
565 340
749 471
487 576
625 201
695 618
719 254
8 191
413 194
214 104
720 915
555 409
154 415
832 303
180 223
878 434
238 154
634 75
435 11
795 756
663 634
690 645
857 729
771 306
38 802
849 404
539 632
188 439
297 643
950 489
139 541
376 569
140 306
822 359
668 179
925 839
240 225
54 603
19 337
259 907
966 593
4 861
891 213
125 533
454 126
516 13
558 896
379 355
877 544
896 33
57 395
921 95
79 788
151 427
319 464
920 118
668 17
43 89
579 59
600 212
856 265
56 615
271 121
113 586
393 719
4 145
194 909
781 525
530 271
452 594
91 531
810 47
635 555
170 883
417 321
371 637
180 544
76 900
942 790
44 861
959 286
586 638
480 703
612 15
155 787
966 664
970 26
130 920
812 920
426 194
84 908
930 671
552 182
825 435
603 323
647 132
834 886
561 534
176 666
729 15
342 522
806 815
664 297
314 181
554 6
175 533
705 892
812 560
801 396
760 699
685 142
328 551
406 224
711 974
536 262
476 567
847 544
812 664
959 268
395 571
634 884
269 943
523 436
782 727
549 701
676 779
275 626
867 493
871 461
399 870
954 36
495 388
482 366
247 82
228 301
657 54
701 592
766 46
967 91
293 557
24 441
421 875
448 511
468 431
163 411
92 275
258 445
21 911
850 908
447 347
546 373
820 596
196 337
399 668
166 472
481 490
66 580
73 910
911 776
603 756
41 472
228 934
389 67
283 55
340 377
970 784
701 640
460 216
338 976
961 755
74 368
751 197
287 357
828 756
943 677
712 346
487 98
131 790
794 864
797 95
432 737
636 88
270 970
72 845
884 575
884 417
210 730
156 418
326 315
558 489
21 883
47 696
838 678
403 61
608 402
790 581
480 171
388 313
874 279
378 464
530 437
569 630
524 941
85 668
433 862
250 636
337 272
894 217
664 903
683 895
23 616
730 965
502 130
217 274
199 870
522 856
338 957
616 925
173 251
630 899
133 895
853 617
582 89
868 30
475 842
573 151
761 628
23 609
963 945
305 945
267 582
914 525
255 189
330 907
826 788
702 725
225 122
743 216
678 759
56 98
313 373
773 668
448 65
177 72
582 335
791 573
703 273
742 483
122 862
945 265
416 856
364 697
898 458
912 109
270 347
699 705
463 227
524 487
125 267
624 438
412 594
859 666
717 942
574 9
928 454
840 552
955 493
774 751
191 680
305 617
268 379
647 542
869 853
877 564
645 927
691 711
910 562
793 811
244 691
612 584
798 189
700 154
942 278
707 312
640 186
516 175
385 465
26 706
627 427
539 861
870 40
412 189
294 185
296 808
940 62
936 651
967 425
292 828
773 752
303 298
469 900
588 228
94 357
115 685
255 201
258 85
920 976
687 769
839 74
969 447
218 199
536 299
867 741
972 361
335 525
284 561
176 138
450 607
821 129
457 695
297 304
63 183
859 585
253 218
440 937
245 59
249 56
342 910
900 643
836 222
587 615
932 60
914 611
645 262
67 424
250 136
710 578
579 856
192 502
818 278
657 73
91 175
223 442
795 912
558 428
82 83
875 728
803 555
770 577
883 559
681 816
295 596
871 54
708 528
303 570
183 677
845 226
921 898
439 742
44 636
959 906
51 722
162 412
760 548
479 59
568 396
62 65
364 256
334 495
82 124
779 245
877 85
453 483
461 355
141 251
91 359
314 782
331 142
8 785
436 729
304 737
746 216
344 365
71 668
455 107
938 668
262 371
375 432
412 619
931 698
473 374
788 251
595 755
440 878
935 197
739 403
299 152
119 102
219 922
695 709
556 507
294 747
506 543
92 100
822 135
761 137
228 555
838 797
325 80
326 358
76 172
976 98
501 196
602 842
87 859
697 72
721 815
612 512
79 731
962 627
876 66
608 167
591 107
909 970
644 828
683 734
722 815
798 919
841 893
533 159
296 284
99 839
599 658
784 966
79 31
688 444
870 323
216 856
605 35
515 880
74 480
278 803
210 736
247 543
303 793
92 732
221 480
546 111
893 260
87 333
738 245
350 130
960 239
636 919
953 66
882 102
386 780
959 291
489 864
471 560
24 828
778 115
748 914
303 806
916 485
738 526
465 498
763 55
756 94
930 805
755 555
557 236
760 776
617 897
138 583
292 609
35 564
322 260
208 186
317 419
706 719
810 259
535 549
802 153
494 958
428 582
195 936
198 377
576 30
654 60
88 115
186 438
168 853
578 417
544 753
947 748
471 966
771 836
663 167
790 317
751 64
271 351
898 650
449 298
121 728
408 391
500 53
447 421
33 337
804 45
219 583
220 180
789 906
636 102
341 531
291 908
973 110
964 839
592 147
336 882
273 64
493 90
280 601
835 371
69 33
934 325
576 411
524 91
622 621
721 515
414 733
945 526
363 845
491 170
115 929
886 465
601 569
235 858
423 477
852 464
600 361
451 44
272 196
403 260
166 800
387 94
745 938
348 697
94 376
370 55
631 179
375 735
376 668
413 489
217 83
825 74
661 879
665 510
792 754
80 255
312 901
925 554
712 500
92 623
88 975
60 567
294 554
118 814
874 911
801 275
604 795
830 852
731 786
830 333
814 188
602 244
729 484
527 41
720 578
55 962
207 29
852 809
40 217
315 873
426 779
337 618
565 130
680 350
462 553
806 937
187 949
45 890
673 175
267 666
914 156
167 886
441 867
888 330
726 857
330 38
539 166
119 53
894 857
150 77
243 76
150 424
407 905
583 936
68 574
622 822
897 642
843 7
582 638
90 389
366 302
41 613
688 626
490 228
788 120
315 499
263 901
624 719
255 254
257 971
800 122
802 681
530 610
142 153
18 270
608 45
679 94
130 234
36 779
734 422
789 628
663 293
210 514
549 398
108 202
746 393
217 176
920 806
560 739
322 950
750 527
733 408
573 335
542 678
762 376
698 790
515 120
291 272
699 844
411 971
450 162
822 321
725 949
504 326
909 100
273 127
577 284
190 708
830 820
887 759
159 123
737 668
934 854
649 966
243 805
385 703
659 145
551 536
681 343
959 194
742 726
89 361
827 218
172 826
670 386
694 366
533 479
334 61
870 111
410 76
109 877
241 679
869 947
323 905
382 484
593 945
445 849
358 824
826 227
184 538
97 847
4 269
799 578
911 592
326 613
946 5
72 63
19 825
318 548
616 795
585 359
830 404
837 665
329 657
3 945
417 55
591 425
575 972
686 268
409 800
11 609
653 509
31 866
344 97
605 324
212 408
88 102
143 554
438 686
154 273
839 745
199 180
364 194
792 935
631 209
540 868
518 118
497 316
66 794
489 507
805 651
826 768
691 975
802 131
641 7
494 861
151 601
813 438
562 685
523 945
640 883
590 664
458 505
44 260
500 265
907 341
142 55
346 89
936 942
77 332
902 541
743 641
544 473
449 336
92 143
461 393
263 200
950 2
790 920
172 134
597 616
533 337
170 521
961 770
429 876
298 975
228 12
344 118
928 568
891 888
717 570
641 686
883 495
866 739
652 912
14 102
435 383
952 595
368 976
277 608
774 102
501 407
823 757
772 579
741 49
479 885
525 726
569 542
473 799
147 730
524 274
728 856
857 462
782 565
533 44
612 555
637 573
69 811
471 424
809 764
852 243
765 975
159 543
643 942
917 569
26 609
210 859
324 400
660 330
697 704
18 582
57 174
592 282
541 826
855 659
381 765
223 563
21 956
341 548
842 823
311 891
778 31
943 173
843 898
60 424
99 735
212 934
413 814
884 826
483 205
724 856
237 70
23 929
320 969
563 33
567 761
130 508
370 610
756 577
248 848
620 562
700 512
866 376
849 464
443 387
11 688
19 881
792 762
225 591
644 511
841 114
144 494
950 554
100 646
374 301
565 726
830 63
564 530
949 216
666 321
31 751
86 398
788 284
272 109
190 696
282 372
252 977
129 343
778 783
885 38
845 127
846 375
277 397
199 454
91 217
96 561
489 149
583 939
287 768
706 274
191 307
354 669
154 540
237 49
523 562
48 636
713 589
774 934
797 361
25 24
52 713
495 5
206 407
177 326
770 136
609 144
25 455
98 663
324 181
383 801
756 269
191 300
928 532
880 151
594 307
407 353
375 230
656 461
489 44
204 462
656 151
419 199
109 677
578 334
144 458
606 814
94 436
130 149
96 504
567 332
271 947
168 623
62 762
926 879
229 773
816 186
541 836
538 238
373 635
780 940
917 708
369 273
255 635
365 562
188 922
158 251
144 710
453 805
61 214
712 296
825 450
593 91
705 479
172 21
893 626
293 690
185 281
520 596
189 822
855 481
819 704
732 807
218 339
293 968
553 771
896 7
659 233
525 244
161 32
361 76
326 809
298 551
53 114
943 415
910 806
869 328
137 135
963 184
855 362
766 929
820 140
3 500
119 884
671 973
892 26
605 89
780 302
199 408
254 397
875 434
58 888
56 899
22 774
557 265
416 960
822 150
462 614
85 36
308 818
383 350
669 732
632 643
525 456
176 340
450 367
883 853
771 856
915 911
197 389
94 721
521 100
923 383
300 55
467 833
528 210
88 308
223 841
119 215
564 779
411 205
837 174
469 326
604 577
331 306
404 484
321 760
508 958
344 135
35 391
310 64
423 565
905 705
428 576
933 248
418 490
590 955
605 175
731 855
335 725
395 598
778 700
732 770
294 438
706 708
