882
89 25
507 326
185 13
173 186
41 133
8 2
339 286
14 585
5 122
478 89
414 313
833 316
462 129
696 274
9 2
12 332
482 514
850 302
398 139
29 106
326 13
101 102
7 445
75 142
6 380
31 23
144 249
227 48
761 470
268 697
677 588
106 531
561 215
196 483
306 33
53 13
709 137
282 150
837 877
202 114
116 524
302 660
283 373
21 16
405 214
500 300
309 255
743 282
108 455
524 871
257 689
33 317
469 558
96 509
190 534
74 399
115 264
471 481
66 338
85 180
691 214
435 16
114 589
93 195
201 81
78 16
351 33
29 93
297 17
752 768
306 450
243 192
406 345
592 279
25 454
2 446
683 837
749 187
527 9
722 600
69 461
443 465
395 30
782 441
429 187
443 347
386 320
145 504
36 19
5 166
145 46
370 437
684 9
75 18
32 6
2 1
670 632
196 288
490 336
113 43
291 172
103 808
234 366
18 236
500 723
27 318
724 180
144 105
863 602
735 806
96 602
73 17
492 453
795 150
61 550
773 512
479 263
456 275
712 700
27 6
82 87
391 331
632 100
581 502
204 67
396 307
198 41
263 636
195 564
247 381
247 124
258 74
44 442
7 394
57 9
480 256
678 259
557 466
147 150
107 24
221 240
728 439
253 118
569 63
120 235
232 55
463 399
162 193
61 135
311 133
186 523
199 705
81 28
632 663
769 606
304 273
488 339
866 348
539 572
31 210
84 257
186 612
175 634
232 571
49 138
618 534
811 544
86 702
120 116
143 106
294 51
243 420
148 662
536 149
19 41
672 642
273 215
625 497
197 404
360 638
300 360
224 336
482 334
176 361
298 11
271 177
320 629
331 869
199 114
354 232
23 47
438 273
55 65
851 84
822 853
4 116
55 33
499 505
246 225
574 452
616 337
3 286
152 783
418 100
650 611
549 68
183 190
577 92
169 358
371 82
855 821
777 455
540 37
296 59
210 673
491 258
33 5
770 710
566 748
244 226
534 824
690 259
25 229
763 482
860 867
397 269
818 36
110 15
145 802
710 398
393 73
177 277
157 31
758 253
182 3
512 289
839 672
630 96
439 33
365 412
61 163
433 468
40 27
409 159
754 743
565 104
337 74
250 622
340 90
179 152
815 697
142 220
747 386
103 84
165 241
139 7
61 57
235 548
394 714
721 272
63 10
620 196
767 511
132 687
141 153
761 832
338 771
745 560
753 800
425 196
34 33
411 344
744 299
765 53
71 6
183 138
292 680
862 813
293 30
5 7
820 857
421 410
370 210
310 49
37 96
428 350
587 493
103 105
599 524
425 661
126 854
132 116
275 169
57 101
432 485
163 624
659 751
499 520
403 71
152 159
19 123
588 154
484 3
1 431
159 864
477 30
775 318
270 234
252 159
157 469
378 250
659 501
329 246
516 33
125 242
797 329
570 288
101 126
58 130
61 390
125 203
307 356
191 197
116 535
75 508
319 627
320 55
454 631
423 31
760 105
237 276
615 101
28 58
168 457
345 192
365 308
206 136
6 50
214 175
374 362
826 255
61 188
274 330
712 725
114 177
776 731
865 633
583 510
8 59
322 282
651 570
541 32
282 303
566 726
114 376
19 15
88 41
614 82
632 766
170 48
8 118
42 124
147 567
1 30
801 650
237 212
159 289
647 210
838 79
459 186
447 21
12 255
44 1
71 401
606 198
52 260
595 369
726 816
333 274
35 12
882 196
511 653
265 51
171 184
485 846
636 666
791 643
108 341
181 734
596 219
367 288
69 5
621 517
528 310
66 217
607 729
97 84
787 153
400 559
740 130
665 204
362 117
364 242
28 537
111 53
583 742
19 51
407 284
117 209
555 352
171 19
29 300
153 805
285 566
319 210
425 786
34 94
881 699
114 7
83 388
467 794
874 870
254 641
9 191
86 15
14 39
498 491
196 59
137 65
211 88
49 41
584 870
467 258
26 23
309 494
254 671
100 679
105 551
798 830
609 480
38 379
510 648
23 25
368 54
42 814
24 8
539 111
848 436
274 233
134 283
671 835
407 562
257 503
79 76
598 880
267 237
419 7
342 416
280 200
182 375
415 116
308 67
438 556
382 242
150 778
703 607
262 515
829 542
577 701
196 708
772 2
34 37
152 125
109 70
331 172
85 108
518 231
306 626
543 756
402 159
432 394
858 540
715 146
849 24
682 215
6 10
107 305
93 735
619 429
359 236
77 8
366 389
560 287
664 620
321 139
717 130
269 196
637 642
544 412
54 155
154 168
162 578
136 449
852 733
125 413
369 430
543 304
2 471
446 474
92 613
17 83
161 453
305 635
424 840
518 781
100 76
502 155
637 498
727 98
639 391
369 39
55 547
2 231
654 674
819 541
256 188
767 796
454 576
348 253
161 159
141 34
154 93
357 140
355 177
170 325
350 43
134 22
554 482
441 90
169 200
57 312
295 87
15 119
264 593
32 617
90 25
707 327
876 201
127 147
759 724
117 194
841 759
38 82
70 517
542 807
220 586
658 440
16 12
189 35
236 302
842 831
279 513
40 251
172 472
30 43
38 327
738 356
873 582
176 538
110 493
194 234
692 195
394 823
676 637
24 845
288 601
212 226
60 158
706 462
106 262
108 334
261 256
736 480
62 215
2 4
10 13
453 542
194 213
530 33
12 7
872 42
568 293
803 232
688 713
401 408
633 206
698 327
98 733
640 685
13 223
187 66
112 102
497 53
822 94
532 413
488 640
346 89
649 429
56 789
90 104
820 523
20 66
21 292
24 127
108 212
171 224
121 97
812 363
123 798
23 13
70 434
29 2
438 522
208 19
643 326
828 155
45 68
166 681
271 436
29 248
322 424
125 164
181 106
157 219
600 429
263 192
553 741
122 216
676 875
22 146
148 2
48 99
809 592
473 668
131 165
192 486
28 18
466 87
279 82
23 720
179 667
126 173
737 614
54 43
123 475
125 70
489 499
173 817
552 130
631 753
194 591
239 96
859 411
699 151
521 135
739 297
694 351
139 178
683 494
460 360
4 11
201 476
478 657
730 147
349 57
4 6
856 661
336 384
181 353
426 156
495 25
836 602
151 26
140 32
347 331
479 693
60 36
72 50
746 659
14 9
203 448
489 480
174 113
3 2
19 70
695 228
442 597
810 879
32 844
656 638
73 230
579 572
301 195
172 142
785 761
95 28
563 97
587 868
695 878
732 496
27 38
26 156
485 510
608 521
128 607
283 387
700 687
610 718
553 291
50 84
64 91
176 31
654 420
300 764
56 2
487 295
255 313
46 16
686 439
278 110
42 34
45 67
175 125
217 299
580 462
112 225
108 451
757 160
604 83
64 57
450 716
337 788
200 228
222 182
381 440
827 117
307 244
352 287
93 793
400 295
185 254
41 169
755 563
291 529
328 167
523 525
232 285
633 774
302 605
188 750
14 22
332 473
314 159
395 675
160 38
378 464
594 476
76 53
134 344
762 640
303 385
85 221
207 146
218 92
644 112
84 259
104 590
646 405
25 92
81 810
15 4
324 289
111 603
470 13
752 180
1 5
377 214
821 819
319 784
843 541
180 342
655 113
860 549
115 96
104 149
54 444
861 613
80 14
127 233
20 6
452 369
68 290
524 584
98 23
205 151
462 779
22 45
162 17
211 250
74 47
128 804
591 598
7 18
546 163
506 28
245 237
112 323
390 688
282 363
545 311
113 496
62 136
422 427
719 14
48 5
39 533
582 254
417 349
422 213
109 129
383 704
847 588
266 111
12 711
526 503
669 171
117 52
511 186
301 458
10 17
22 62
780 642
30 85
628 307
575 221
410 519
284 123
146 268
834 829
623 405
287 250
610 136
645 495
52 1
167 15
413 433
147 315
152 831
